[110, 121, 42, 164, 71, 0, 10, 125, 61, 110, 122, 318, 86, 4, 101, 63, 94, 94, 130, 65, 53, 130, 7, 81, 69, 68, 6, 252, 0, 116, 96, 144, 119, 143, 14, 70, 0, 85, 87, 125, 73, 0, 80, 89, 80, 13, 23, 44, 68, 113, 64, 100, 61, 90, 72, 0, 96, 73, 45, 83, 27, 48, 74, 48, 31, 130, 36, 74, 61, 84, 83, 6, 25, 9, 7, 36, 57, 21, 47, 26, 66, 0, 39, 55, 80, 95, 12, 68, 332, 54, 75, 88, 47, 74, 44, 39, 55, 39, 34, 3, 74, 30, 59, 2, 40, 15, 109, 0, 58, 13, 22, 70, 44, 81, 62, 43, 52, 73, 6, 81, 80, 66, 98, 114, 120, 44, 11, 5, 5, 0, 13, 48, 10, 48, 22, 0, 0, 45, 55, 65, 3, 0, 40, 0, 44, 20, 31, 84, 13, 87, 49, 0, 55, 0, 0, 53, 98, 0, 52, 21, 26, 7, 24, 0, 0, 43, 46, 9, 0, 31, 68, 0, 0, 75, 68, 50, 34, 15, 0, 0, 0, 46, 0, 0, 4, 43, 36, 0, 6, 0, 7, 24, 66, 50, 35, 135, 7, 60, 0, 0]
170

[483, 463, 64, 58, 46, 40, 11, 53, 97, 62, 26, 70, 0, 128, 57, 35, 37, 132, 27, 46, 3, 60, 84, 70, 38, 326, 102, 41, 27, 67, 26, 264, 24, 17, 167, 22, 68, 34, 75, 48, 13, 16, 212, 0, 26, 28, 318, 79, 9, 226, 25, 35, 150, 3, 0, 46, 306, 71, 40, 9, 52, 40, 51, 26, 0, 59, 109, 8, 46, 35, 19, 29, 68, 0, 36, 44, 21, 17, 5, 35, 0, 41, 43, 46, 61, 5, 48, 26, 0, 66, 116, 22, 39, 28, 28, 32, 27, 68, 35, 0, 0, 40, 69, 113, 26, 14, 42, 270, 17, 23, 51, 43, 33, 65, 287, 24, 106, 42, 22, 294, 72, 0, 81, 335, 70, 57, 8, 0, 28, 2, 0, 0, 11, 1, 3, 3, 197, 146, 0, 0, 0, 7, 1, 133, 50, 1, 22, 0, 19, 0, 0, 29, 11, 43, 10, 3, 19, 30, 7, 6, 26, 0, 0, 16, 23, 28, 0, 0, 53, 6, 52, 33, 8, 41, 36, 16, 0, 13, 13, 35, 55, 75, 25, 17, 21, 3, 24, 40, 47, 29, 0, 2, 0, 8, 194, 12, 0, 0, 20, 2]
172

[260, 95, 288, 48, 9, 125, 121, 153, 102, 143, 133, 80, 81, 86, 118, 8, 91, 93, 88, 46, 308, 80, 79, 122, 89, 79, 69, 81, 118, 86, 98, 12, 79, 2, 57, 56, 46, 62, 76, 51, 63, 40, 72, 4, 97, 64, 49, 69, 68, 54, 2, 48, 60, 338, 85, 31, 55, 65, 44, 63, 59, 108, 5, 63, 107, 71, 31, 60, 0, 18, 100, 54, 1, 60, 99, 68, 12, 55, 13, 89, 48, 42, 49, 25, 63, 28, 64, 0, 45, 106, 46, 70, 30, 45, 7, 0, 41, 81, 4, 43, 10, 77, 40, 49, 80, 42, 90, 85, 1, 0, 68, 83, 93, 67, 76, 14, 70, 64, 40, 54, 94, 122, 11, 124, 154, 101, 67, 22, 56, 0, 26, 10, 0, 5, 0, 0, 114, 21, 41, 7, 0, 0, 60, 0, 44, 0, 50, 0, 28, 27, 93, 26, 0, 118, 0, 39, 5, 14, 0, 0, 0, 33, 40, 92, 2, 0, 16, 0, 11, 9, 0, 0, 38, 0, 65, 20, 66, 50, 0, 55, 5, 36, 26, 91, 15, 4, 0, 39, 4, 0, 0, 8, 4, 0, 0, 0, 4, 0, 31, 55]
169

[497, 44, 0, 95, 56, 91, 28, 18, 88, 57, 23, 108, 37, 27, 22, 13, 33, 25, 15, 179, 24, 73, 134, 59, 33, 22, 123, 66, 98, 27, 116, 37, 27, 38, 162, 80, 28, 57, 375, 68, 66, 25, 86, 9, 117, 46, 52, 51, 24, 65, 311, 22, 187, 97, 258, 31, 141, 29, 10, 36, 26, 32, 35, 224, 40, 0, 37, 0, 29, 6, 163, 52, 21, 47, 21, 5, 58, 0, 88, 24, 144, 84, 0, 0, 1, 63, 279, 33, 24, 25, 71, 15, 3, 28, 62, 40, 29, 6, 69, 271, 31, 29, 83, 24, 125, 14, 341, 26, 412, 285, 45, 24, 21, 41, 7, 0, 20, 94, 31, 35, 65, 34, 18, 4, 41, 0, 1, 0, 137, 0, 1, 26, 3, 0, 0, 192, 0, 0, 2, 0, 13, 17, 22, 6, 8, 0, 181, 0, 1, 0, 1, 8, 0, 175, 42, 40, 12, 0, 18, 0, 0, 7, 2, 0, 249, 0, 5, 144, 1, 0, 11, 32, 1, 0, 11, 0, 10, 24, 2, 0, 10, 8, 0, 16, 49, 161, 0, 3, 8, 28, 0, 0, 0, 3, 0, 0, 7, 13, 1, 17]
165

[489, 60, 47, 61, 9, 31, 102, 94, 13, 63, 58, 25, 31, 20, 140, 32, 77, 14, 115, 34, 0, 14, 134, 50, 23, 5, 135, 39, 23, 7, 24, 40, 54, 55, 237, 60, 75, 60, 36, 13, 32, 21, 39, 42, 63, 21, 3, 34, 246, 38, 34, 33, 172, 23, 35, 11, 70, 31, 242, 88, 36, 70, 60, 59, 1, 259, 101, 93, 182, 3, 0, 136, 33, 262, 337, 48, 57, 2, 95, 36, 28, 78, 37, 20, 20, 15, 47, 31, 41, 92, 117, 222, 24, 42, 2, 1, 0, 0, 43, 71, 19, 325, 45, 31, 18, 17, 37, 7, 30, 60, 0, 40, 30, 12, 179, 76, 95, 60, 77, 75, 37, 78, 72, 7, 215, 0, 30, 3, 36, 15, 8, 0, 17, 43, 10, 25, 16, 27, 0, 5, 21, 50, 7, 3, 0, 15, 46, 26, 21, 30, 0, 7, 71, 2, 9, 12, 99, 32, 50, 30, 14, 17, 0, 293, 0, 0, 22, 38, 0, 3, 24, 1, 0, 1, 0, 0, 4, 29, 105, 37, 0, 0, 4, 0, 129, 39, 22, 0, 79, 13, 24, 0, 308, 0, 0, 0, 172, 14, 18, 4]
175

[499, 18, 159, 23, 302, 14, 57, 84, 41, 32, 9, 55, 3, 0, 41, 5, 73, 7, 31, 9, 38, 43, 31, 135, 49, 58, 10, 73, 28, 16, 39, 53, 27, 25, 39, 91, 18, 36, 259, 138, 42, 34, 7, 81, 113, 0, 46, 3, 55, 81, 28, 9, 18, 22, 76, 31, 64, 28, 366, 27, 284, 4, 229, 18, 27, 25, 34, 25, 40, 56, 8, 31, 37, 39, 28, 32, 65, 0, 74, 210, 8, 132, 59, 26, 8, 12, 81, 29, 13, 0, 389, 19, 181, 42, 25, 36, 35, 118, 83, 21, 253, 289, 58, 25, 357, 25, 42, 23, 39, 30, 0, 47, 139, 30, 188, 78, 82, 27, 9, 30, 74, 95, 37, 2, 268, 0, 5, 14, 0, 22, 15, 0, 0, 17, 0, 0, 61, 12, 14, 15, 16, 0, 292, 10, 0, 0, 0, 107, 0, 11, 0, 120, 282, 17, 2, 7, 0, 7, 14, 8, 0, 0, 0, 10, 3, 14, 5, 3, 0, 10, 0, 0, 0, 3, 0, 0, 0, 152, 4, 0, 6, 2, 0, 308, 35, 5, 164, 13, 16, 13, 0, 0, 0, 1, 24, 0, 0, 6, 5, 1]
165

[46, 101, 4, 30, 59, 3, 0, 110, 61, 66, 72, 28, 74, 67, 140, 93, 270, 51, 105, 95, 75, 0, 42, 74, 103, 112, 177, 137, 172, 210, 148, 83, 8, 192, 265, 346, 128, 162, 207, 77, 16, 149, 77, 78, 87, 319, 38, 89, 108, 80, 55, 91, 60, 37, 45, 61, 47, 29, 33, 53, 0, 73, 53, 70, 50, 21, 62, 37, 47, 58, 82, 5, 24, 77, 62, 67, 50, 49, 96, 75, 31, 84, 107, 54, 47, 49, 76, 61, 84, 78, 8, 0, 86, 21, 0, 61, 38, 91, 36, 46, 10, 0, 77, 74, 2, 74, 1, 14, 38, 0, 26, 3, 87, 87, 55, 6, 54, 55, 49, 44, 25, 16, 92, 78, 51, 58, 32, 41, 0, 0, 18, 43, 0, 36, 39, 0, 0, 123, 0, 19, 14, 2, 17, 75, 1, 17, 76, 50, 0, 1, 0, 0, 0, 16, 40, 11, 77, 0, 0, 0, 0, 8, 27, 0, 55, 6, 0, 30, 96, 83, 39, 0, 0, 50, 0, 3, 45, 0, 0, 1, 0, 0, 0, 65, 4, 14, 0, 45, 28, 36, 0, 4, 0, 5, 0, 45, 22, 104, 0, 0]
163

[281, 68, 156, 107, 38, 73, 152, 0, 99, 32, 33, 194, 164, 97, 84, 55, 47, 97, 1, 67, 11, 459, 122, 10, 86, 90, 2, 159, 296, 310, 129, 60, 19, 82, 74, 109, 89, 87, 108, 24, 178, 178, 78, 48, 61, 3, 73, 0, 13, 74, 78, 32, 30, 0, 47, 104, 43, 3, 1, 73, 47, 43, 42, 32, 66, 0, 0, 68, 55, 46, 47, 13, 53, 57, 4, 2, 57, 69, 41, 0, 60, 56, 67, 4, 102, 75, 14, 97, 55, 74, 55, 26, 56, 49, 33, 25, 6, 20, 44, 65, 0, 3, 34, 67, 47, 70, 65, 3, 300, 114, 33, 99, 69, 0, 122, 8, 87, 126, 92, 33, 200, 89, 78, 38, 0, 52, 25, 26, 26, 0, 74, 84, 0, 81, 0, 12, 0, 0, 3, 0, 0, 59, 31, 4, 36, 0, 0, 63, 42, 64, 0, 0, 0, 0, 72, 4, 0, 0, 73, 90, 0, 0, 1, 0, 3, 86, 46, 0, 0, 1, 52, 0, 0, 0, 1, 0, 15, 71, 58, 39, 0, 4, 18, 0, 29, 0, 30, 94, 56, 0, 1, 89, 21, 0, 0, 10, 23, 41, 0, 0]
159

[109, 131, 206, 231, 10, 155, 5, 12, 330, 7, 190, 155, 182, 272, 139, 88, 76, 123, 102, 106, 96, 68, 62, 79, 3, 58, 88, 9, 84, 87, 73, 75, 83, 59, 198, 130, 2, 46, 0, 92, 2, 62, 63, 108, 34, 51, 31, 96, 5, 72, 164, 86, 60, 98, 4, 65, 68, 55, 0, 53, 35, 56, 38, 92, 103, 15, 42, 47, 76, 50, 67, 40, 51, 15, 140, 55, 5, 0, 182, 34, 34, 48, 2, 39, 66, 28, 92, 71, 58, 71, 5, 23, 49, 23, 44, 70, 0, 35, 102, 101, 8, 39, 65, 55, 60, 51, 40, 47, 92, 42, 100, 72, 72, 80, 89, 56, 0, 49, 36, 40, 5, 292, 24, 94, 0, 14, 0, 42, 66, 22, 0, 35, 0, 9, 95, 0, 47, 20, 0, 0, 36, 0, 9, 0, 15, 0, 2, 0, 39, 65, 43, 44, 0, 0, 2, 68, 0, 8, 30, 0, 0, 13, 3, 29, 0, 13, 0, 31, 1, 87, 0, 59, 0, 0, 10, 33, 90, 44, 1, 0, 0, 18, 2, 0, 17, 6, 75, 14, 36, 0, 0, 76, 44, 5, 51, 1, 134, 0, 0, 86]
167

[476, 413, 192, 124, 96, 66, 128, 56, 72, 1, 51, 298, 140, 128, 218, 138, 329, 36, 258, 87, 85, 84, 36, 58, 71, 91, 70, 93, 46, 82, 10, 90, 50, 83, 113, 63, 28, 159, 76, 25, 32, 29, 139, 48, 37, 39, 76, 0, 54, 64, 24, 31, 34, 33, 32, 42, 16, 21, 6, 81, 67, 4, 98, 1, 34, 63, 108, 175, 333, 1, 44, 64, 100, 44, 52, 37, 55, 62, 167, 58, 0, 29, 11, 188, 38, 105, 87, 59, 62, 44, 72, 87, 29, 46, 36, 0, 105, 109, 63, 75, 15, 0, 107, 72, 36, 83, 37, 312, 43, 7, 40, 27, 84, 57, 0, 25, 2, 44, 157, 44, 165, 60, 39, 50, 0, 0, 0, 0, 7, 23, 30, 0, 1, 0, 17, 27, 0, 0, 1, 30, 18, 1, 0, 0, 99, 22, 0, 4, 22, 0, 0, 0, 0, 29, 0, 25, 21, 0, 29, 0, 0, 0, 0, 32, 0, 10, 2, 0, 2, 2, 5, 13, 10, 27, 0, 0, 0, 0, 1, 33, 0, 3, 0, 0, 2, 0, 0, 7, 0, 0, 8, 0, 30, 0, 15, 2, 0, 0, 14, 0]
156

