[204, 131, 408, 109, 132, 163, 443, 17, 83, 110, 140, 135, 158, 129, 115, 97, 72, 150, 1, 291, 209, 0, 230, 118, 115, 192, 2, 91, 372, 96, 98, 322, 274, 341, 1, 70, 6, 1, 136, 78, 0, 130, 117, 96, 0, 75, 62, 130, 190, 139, 90, 102, 0, 62, 0, 0, 61, 51, 181, 95, 92, 151, 68, 144, 84, 97, 174, 74, 61, 134, 0, 83, 111, 70, 0, 0, 10, 0, 2, 25, 34, 0, 0, 19, 0, 0, 0, 6, 0, 8, 0, 35, 0, 1, 0, 0, 9, 0, 4, 35, 0, 0, 0, 24, 27, 45, 0, 33, 21, 0, 8, 0, 1, 0, 0, 0, 5, 0, 1, 1, 0, 51, 0, 1, 87, 0, 0, 65, 34, 35, 0, 2, 35, 6, 0, 10, 1, 0, 0, 0, 14, 167, 0, 0, 5, 0, 2, 0, 0, 51, 0, 16, 0, 3, 0, 7, 20, 13, 0, 0, 4, 0, 20, 23, 0, 0, 65, 12, 34, 0, 0, 11, 0, 73, 0, 0, 28, 0, 0, 4, 0, 0, 7, 0, 130, 0, 1, 4, 11, 45, 0, 0, 111, 0, 0, 0, 30, 35, 0, 109]
130

[500, 84, 285, 162, 322, 77, 152, 206, 161, 3, 118, 200, 154, 18, 0, 85, 134, 86, 50, 90, 52, 124, 281, 19, 85, 57, 98, 110, 203, 4, 53, 34, 83, 36, 32, 158, 95, 40, 90, 3, 180, 64, 120, 244, 112, 0, 56, 172, 0, 0, 231, 2, 95, 35, 6, 56, 105, 67, 448, 74, 0, 143, 177, 134, 61, 0, 4, 457, 0, 217, 0, 86, 456, 212, 61, 1, 0, 0, 16, 3, 0, 19, 17, 184, 4, 0, 155, 0, 0, 0, 0, 45, 0, 0, 21, 0, 0, 0, 20, 31, 0, 0, 0, 2, 1, 1, 6, 170, 0, 0, 0, 0, 0, 1, 11, 0, 1, 33, 1, 0, 0, 1, 0, 0, 0, 0, 28, 0, 0, 0, 1, 127, 0, 0, 0, 48, 0, 0, 155, 0, 0, 31, 0, 0, 0, 0, 0, 77, 0, 1, 0, 0, 0, 3, 1, 0, 0, 1, 0, 0, 324, 0, 29, 0, 0, 0, 0, 0, 0, 0, 0, 24, 2, 0, 12, 0, 9, 5, 0, 0, 1, 3, 0, 0, 0, 0, 0, 1, 0, 1, 0, 0, 0, 1, 5, 187, 47, 13, 0, 0]
117

[367, 113, 456, 384, 97, 1, 88, 248, 8, 177, 136, 0, 229, 75, 245, 4, 90, 245, 84, 64, 79, 58, 74, 135, 119, 75, 49, 0, 121, 415, 127, 98, 1, 277, 222, 60, 22, 53, 75, 88, 79, 217, 81, 68, 53, 81, 93, 49, 0, 77, 62, 67, 83, 97, 100, 31, 0, 102, 100, 356, 42, 17, 233, 83, 130, 57, 73, 0, 204, 0, 66, 120, 35, 292, 209, 52, 2, 0, 54, 0, 0, 30, 3, 1, 0, 99, 1, 0, 0, 0, 0, 0, 0, 28, 14, 10, 0, 139, 0, 0, 26, 0, 4, 17, 49, 0, 0, 0, 58, 5, 0, 20, 7, 0, 47, 13, 0, 5, 0, 31, 0, 0, 48, 0, 0, 0, 0, 144, 0, 16, 0, 5, 0, 1, 0, 12, 40, 177, 0, 1, 0, 27, 47, 18, 0, 0, 0, 56, 1, 39, 0, 0, 26, 0, 142, 0, 0, 0, 0, 8, 0, 0, 72, 22, 20, 0, 0, 11, 52, 0, 0, 46, 13, 14, 5, 0, 0, 0, 0, 5, 1, 0, 0, 4, 0, 28, 0, 0, 13, 0, 0, 2, 2, 14, 0, 0, 29, 8, 0, 0]
130

[254, 0, 358, 233, 379, 205, 193, 442, 254, 267, 206, 85, 51, 63, 127, 176, 69, 89, 87, 93, 173, 50, 106, 81, 258, 138, 89, 0, 58, 97, 433, 113, 79, 1, 152, 119, 153, 54, 1, 141, 52, 69, 0, 58, 6, 64, 40, 49, 146, 41, 161, 0, 60, 57, 74, 0, 47, 68, 42, 95, 80, 269, 231, 8, 77, 64, 137, 55, 69, 0, 68, 277, 0, 56, 0, 0, 0, 0, 0, 0, 0, 0, 55, 1, 5, 0, 0, 0, 81, 0, 0, 0, 0, 1, 0, 0, 20, 2, 0, 0, 0, 48, 0, 104, 0, 1, 1, 54, 0, 0, 51, 1, 3, 62, 0, 0, 0, 0, 0, 0, 2, 0, 0, 272, 206, 0, 32, 0, 3, 0, 0, 1, 0, 0, 0, 1, 1, 2, 0, 55, 0, 0, 0, 68, 18, 0, 0, 34, 0, 7, 0, 151, 5, 0, 0, 11, 0, 1, 23, 10, 30, 0, 0, 0, 0, 0, 4, 11, 0, 32, 0, 0, 5, 0, 74, 46, 0, 0, 72, 0, 62, 0, 25, 2, 5, 1, 169, 25, 0, 0, 0, 6, 0, 0, 2, 46, 0, 0, 43, 0]
122

[269, 35, 414, 127, 109, 205, 14, 15, 92, 182, 97, 107, 0, 14, 15, 181, 0, 137, 101, 135, 74, 65, 58, 105, 14, 118, 99, 41, 38, 82, 86, 61, 123, 148, 6, 113, 289, 146, 1, 8, 1, 171, 0, 102, 68, 67, 94, 202, 36, 0, 139, 136, 492, 263, 0, 54, 73, 92, 183, 169, 0, 120, 0, 41, 0, 122, 110, 83, 67, 69, 149, 47, 259, 141, 0, 0, 0, 145, 0, 61, 0, 24, 7, 3, 13, 0, 0, 0, 0, 246, 262, 1, 57, 0, 72, 0, 52, 0, 0, 0, 0, 19, 99, 0, 28, 0, 0, 0, 0, 80, 0, 0, 57, 17, 8, 0, 0, 0, 0, 0, 3, 14, 24, 19, 0, 0, 21, 23, 0, 10, 0, 0, 22, 32, 0, 0, 6, 7, 0, 50, 52, 3, 13, 2, 0, 0, 2, 7, 6, 112, 0, 0, 9, 0, 0, 2, 28, 0, 0, 106, 102, 0, 49, 144, 94, 155, 0, 0, 106, 43, 0, 0, 90, 0, 25, 31, 0, 31, 0, 13, 22, 93, 0, 67, 2, 53, 21, 37, 0, 0, 0, 0, 0, 5, 17, 0, 0, 0, 0, 2]
131

[498, 198, 455, 9, 111, 192, 21, 90, 277, 68, 432, 383, 0, 99, 111, 143, 7, 431, 227, 190, 36, 166, 75, 2, 323, 44, 108, 89, 37, 19, 62, 21, 38, 381, 3, 446, 72, 54, 83, 46, 79, 32, 125, 37, 41, 1, 80, 122, 40, 42, 23, 0, 0, 44, 13, 342, 207, 41, 16, 50, 0, 112, 0, 72, 0, 32, 75, 0, 492, 100, 131, 60, 122, 155, 0, 0, 0, 38, 0, 0, 0, 0, 1, 7, 0, 0, 0, 33, 0, 0, 12, 0, 2, 0, 0, 0, 4, 5, 0, 3, 0, 0, 2, 0, 0, 0, 0, 282, 1, 12, 134, 0, 0, 0, 6, 0, 0, 6, 0, 0, 0, 172, 0, 0, 106, 0, 0, 10, 0, 0, 0, 112, 0, 15, 0, 0, 2, 0, 11, 4, 30, 0, 0, 0, 5, 0, 1, 38, 0, 93, 0, 0, 0, 13, 0, 0, 0, 0, 4, 0, 0, 0, 0, 37, 0, 18, 0, 0, 2, 0, 0, 0, 1, 0, 0, 8, 0, 0, 287, 0, 8, 0, 0, 0, 1, 0, 4, 0, 0, 0, 0, 7, 0, 0, 0, 0, 230, 0, 0, 0]
109

[434, 162, 243, 2, 414, 181, 44, 164, 8, 5, 15, 121, 84, 118, 5, 0, 102, 122, 120, 42, 81, 41, 0, 117, 45, 7, 117, 44, 215, 92, 18, 39, 7, 69, 86, 83, 225, 81, 53, 49, 0, 7, 43, 201, 73, 38, 1, 52, 91, 399, 23, 27, 0, 253, 24, 321, 307, 102, 71, 76, 488, 61, 276, 98, 0, 167, 40, 133, 64, 269, 94, 155, 183, 59, 4, 50, 95, 26, 1, 0, 0, 0, 6, 38, 4, 20, 0, 77, 0, 112, 0, 52, 0, 0, 19, 0, 10, 48, 0, 91, 3, 15, 1, 0, 0, 6, 9, 12, 41, 56, 0, 1, 0, 1, 0, 0, 0, 0, 1, 97, 0, 57, 5, 23, 0, 0, 55, 0, 0, 0, 0, 0, 67, 28, 57, 35, 44, 0, 0, 0, 24, 35, 0, 185, 21, 0, 182, 0, 0, 0, 0, 0, 0, 0, 0, 0, 39, 16, 4, 54, 0, 0, 32, 0, 4, 0, 17, 1, 0, 47, 0, 0, 0, 10, 4, 40, 0, 14, 1, 0, 29, 0, 0, 1, 11, 0, 7, 163, 17, 5, 40, 8, 0, 38, 0, 0, 6, 36, 91, 0]
138

[500, 0, 81, 126, 128, 101, 61, 51, 176, 112, 370, 0, 1, 84, 173, 79, 0, 2, 3, 68, 90, 128, 104, 356, 69, 17, 50, 347, 118, 54, 99, 105, 61, 219, 1, 99, 158, 128, 57, 157, 159, 78, 0, 23, 23, 36, 2, 64, 142, 47, 67, 172, 115, 372, 73, 154, 0, 122, 298, 29, 113, 21, 99, 0, 89, 444, 66, 301, 59, 166, 229, 86, 204, 92, 2, 33, 0, 425, 0, 15, 3, 4, 0, 30, 22, 1, 5, 31, 0, 45, 10, 0, 42, 3, 6, 1, 12, 0, 0, 0, 12, 4, 0, 0, 0, 0, 10, 18, 0, 0, 0, 45, 0, 1, 0, 0, 0, 1, 0, 10, 39, 0, 9, 18, 0, 0, 4, 0, 0, 88, 0, 0, 17, 0, 27, 1, 0, 0, 0, 0, 0, 1, 5, 0, 0, 0, 0, 6, 0, 0, 5, 0, 14, 0, 0, 150, 0, 0, 0, 58, 0, 85, 20, 15, 1, 0, 0, 0, 0, 3, 0, 2, 0, 0, 0, 0, 5, 9, 53, 0, 6, 0, 7, 0, 5, 0, 10, 3, 88, 0, 193, 0, 0, 267, 17, 0, 0, 0, 0, 0]
127

[160, 397, 149, 209, 96, 103, 299, 81, 0, 62, 6, 0, 184, 468, 197, 68, 51, 57, 160, 88, 47, 70, 126, 142, 40, 54, 69, 84, 3, 6, 110, 55, 43, 53, 4, 109, 121, 94, 62, 43, 112, 184, 27, 58, 46, 97, 46, 36, 28, 105, 52, 0, 115, 40, 69, 49, 47, 59, 57, 84, 296, 120, 0, 183, 141, 124, 0, 104, 298, 257, 0, 481, 56, 444, 257, 0, 110, 23, 0, 0, 0, 203, 0, 0, 0, 1, 3, 4, 1, 202, 17, 25, 0, 88, 2, 0, 0, 6, 0, 0, 0, 0, 11, 33, 4, 34, 0, 0, 6, 0, 20, 33, 0, 0, 0, 25, 1, 1, 0, 38, 1, 0, 3, 2, 0, 63, 0, 29, 0, 0, 1, 132, 3, 8, 181, 0, 0, 0, 42, 11, 2, 38, 1, 0, 0, 10, 6, 0, 0, 0, 0, 0, 0, 0, 6, 0, 0, 0, 0, 0, 1, 0, 8, 0, 0, 39, 134, 67, 1, 0, 56, 0, 3, 0, 0, 0, 2, 0, 9, 24, 0, 80, 5, 0, 0, 13, 1, 70, 0, 15, 0, 0, 29, 133, 0, 2, 0, 2, 63, 71]
134

[250, 87, 233, 0, 280, 301, 271, 225, 64, 205, 0, 109, 136, 83, 130, 81, 142, 2, 144, 148, 109, 112, 97, 103, 85, 330, 53, 73, 186, 3, 29, 247, 89, 91, 85, 67, 73, 68, 78, 117, 57, 2, 4, 179, 63, 67, 1, 60, 1, 109, 51, 92, 102, 0, 112, 81, 403, 125, 115, 75, 0, 74, 100, 0, 76, 0, 68, 117, 112, 124, 26, 223, 247, 172, 194, 0, 70, 0, 0, 80, 47, 0, 32, 0, 0, 34, 0, 1, 20, 0, 39, 0, 0, 6, 1, 1, 1, 123, 0, 0, 35, 0, 108, 0, 0, 49, 0, 0, 0, 0, 0, 0, 150, 0, 0, 8, 0, 0, 2, 26, 135, 0, 0, 127, 0, 3, 3, 9, 0, 0, 17, 0, 7, 18, 0, 0, 66, 0, 0, 0, 6, 3, 153, 0, 88, 5, 9, 11, 0, 0, 37, 0, 10, 0, 2, 0, 143, 0, 7, 0, 0, 5, 42, 0, 16, 2, 0, 15, 30, 0, 0, 13, 24, 62, 2, 0, 4, 53, 0, 0, 51, 66, 0, 0, 63, 0, 0, 0, 66, 0, 0, 60, 10, 0, 0, 0, 6, 0, 0, 0]
129

