[63, 404, 60, 125, 109, 117, 66, 265, 120, 6, 93, 131, 8, 91, 9, 147, 137, 80, 142, 131, 4, 21, 46, 195, 73, 90, 142, 86, 118, 109, 99, 58, 153, 77, 86, 151, 0, 72, 99, 76, 47, 115, 57, 1, 45, 30, 39, 0, 0, 43, 41, 74, 78, 47, 63, 35, 46, 79, 34, 52, 4, 76, 43, 32, 57, 72, 44, 40, 106, 0, 20, 78, 68, 42, 51, 47, 0, 42, 50, 51, 0, 0, 19, 66, 36, 74, 86, 55, 46, 38, 37, 30, 25, 28, 22, 50, 47, 0, 52, 23, 29, 87, 49, 40, 43, 68, 25, 47, 38, 143, 143, 58, 50, 34, 84, 76, 87, 86, 44, 87, 2, 45, 67, 115, 137, 0, 0, 0, 63, 0, 163, 21, 42, 7, 0, 0, 8, 0, 36, 0, 59, 29, 3, 3, 0, 1, 74, 58, 0, 0, 48, 2, 0, 1, 0, 16, 2, 0, 104, 0, 0, 0, 5, 0, 21, 0, 19, 2, 0, 6, 0, 3, 0, 28, 12, 0, 0, 133, 2, 0, 40, 11, 12, 0, 0, 0, 3, 0, 0, 0, 26, 37, 0, 0, 0, 67, 94, 0, 0, 2, 0, 2, 1, 1, 38, 0, 0, 33, 33, 10, 0, 0, 9, 0, 29, 11, 0, 11, 22, 48, 1, 55, 0, 18, 2, 2, 0, 4, 0, 48, 0, 0, 0, 24, 0, 4, 0, 0, 0, 0, 29, 0, 0, 1, 0, 20, 20, 42, 0, 0, 0, 6, 0, 1, 0, 0, 0, 8, 0, 0, 0, 0, 0, 37, 0, 33, 0, 0, 0, 0, 9, 49, 24, 26, 20, 13, 0, 0, 0, 45, 0, 0, 0, 0, 5, 0, 14, 0, 0, 0, 8, 0, 0, 0, 0, 70, 0, 0, 0, 25]
200

[20, 7, 106, 45, 73, 62, 131, 143, 382, 39, 124, 130, 136, 6, 479, 92, 91, 0, 2, 78, 451, 55, 97, 53, 57, 81, 83, 66, 121, 1, 125, 181, 4, 169, 20, 5, 112, 114, 153, 124, 4, 71, 39, 72, 60, 76, 50, 80, 0, 86, 6, 62, 95, 63, 63, 67, 73, 31, 52, 38, 41, 75, 79, 48, 72, 77, 122, 1, 53, 85, 39, 66, 51, 11, 50, 36, 93, 7, 71, 215, 69, 73, 53, 86, 61, 71, 60, 129, 86, 55, 34, 66, 85, 75, 9, 35, 42, 0, 2, 34, 51, 39, 52, 73, 99, 40, 15, 27, 61, 0, 7, 0, 146, 53, 0, 60, 51, 0, 26, 58, 89, 73, 7, 43, 39, 1, 0, 60, 57, 0, 0, 0, 0, 0, 7, 7, 63, 1, 0, 0, 0, 0, 0, 0, 16, 28, 3, 5, 0, 2, 58, 1, 0, 15, 0, 36, 0, 0, 3, 0, 0, 15, 0, 13, 0, 0, 0, 9, 16, 0, 0, 0, 0, 0, 21, 3, 0, 0, 8, 89, 0, 3, 0, 23, 0, 3, 0, 0, 1, 0, 2, 0, 0, 0, 0, 22, 0, 65, 0, 0, 2, 0, 0, 0, 98, 2, 0, 15, 4, 20, 26, 53, 14, 32, 0, 7, 30, 0, 0, 0, 69, 16, 1, 32, 0, 26, 0, 0, 0, 0, 0, 2, 0, 27, 0, 41, 7, 0, 0, 0, 19, 38, 0, 0, 2, 28, 27, 6, 0, 0, 2, 0, 10, 17, 0, 0, 0, 4, 0, 0, 1, 0, 0, 10, 0, 15, 0, 0, 9, 0, 0, 0, 7, 49, 9, 0, 11, 9, 36, 0, 3, 0, 0, 0, 57, 8, 0, 6, 36, 0, 3, 0, 12, 27, 0, 0, 24, 0, 0, 3]
201

[254, 12, 186, 161, 217, 197, 13, 234, 134, 7, 167, 155, 77, 14, 56, 0, 129, 97, 68, 79, 66, 85, 4, 80, 71, 89, 36, 55, 33, 52, 2, 95, 408, 1, 69, 8, 168, 116, 98, 66, 148, 90, 15, 69, 39, 74, 51, 38, 89, 60, 30, 21, 86, 53, 5, 34, 57, 53, 47, 58, 58, 45, 61, 5, 10, 5, 11, 85, 49, 58, 36, 64, 24, 32, 25, 0, 37, 18, 70, 8, 27, 39, 22, 55, 31, 30, 0, 28, 42, 105, 49, 46, 29, 52, 42, 78, 50, 132, 108, 24, 0, 100, 52, 9, 41, 5, 150, 96, 57, 54, 82, 1, 47, 97, 36, 64, 53, 11, 49, 104, 71, 97, 65, 72, 53, 0, 0, 0, 15, 8, 59, 30, 4, 0, 0, 19, 0, 0, 52, 0, 20, 0, 20, 0, 4, 0, 0, 0, 52, 0, 0, 12, 8, 0, 0, 19, 17, 35, 2, 0, 0, 0, 0, 15, 0, 0, 0, 11, 25, 56, 0, 2, 0, 0, 31, 1, 60, 39, 0, 0, 1, 0, 1, 0, 0, 46, 0, 21, 17, 10, 82, 0, 0, 5, 0, 14, 0, 0, 36, 17, 55, 0, 0, 97, 2, 45, 0, 60, 0, 1, 0, 36, 0, 0, 68, 19, 0, 26, 17, 41, 0, 0, 11, 1, 30, 46, 28, 0, 0, 3, 20, 9, 1, 124, 4, 0, 22, 0, 0, 14, 0, 12, 7, 7, 1, 0, 87, 0, 0, 5, 0, 0, 0, 0, 25, 0, 0, 0, 0, 0, 0, 8, 199, 0, 97, 0, 31, 0, 4, 3, 1, 0, 24, 0, 0, 34, 0, 30, 1, 38, 30, 7, 0, 1, 0, 0, 32, 1, 0, 0, 0, 0, 24, 0, 0, 2, 0, 2, 9, 0]
211

[496, 13, 69, 185, 62, 268, 62, 54, 31, 24, 4, 129, 197, 31, 7, 164, 280, 365, 26, 17, 29, 0, 49, 35, 60, 108, 99, 61, 257, 44, 11, 8, 18, 102, 0, 15, 213, 26, 62, 7, 1, 30, 39, 54, 10, 22, 0, 13, 62, 77, 0, 10, 253, 20, 0, 18, 18, 23, 0, 0, 20, 25, 37, 0, 8, 39, 3, 0, 55, 116, 0, 15, 28, 15, 68, 76, 22, 64, 37, 30, 15, 194, 14, 0, 35, 5, 26, 20, 69, 47, 15, 23, 307, 0, 30, 38, 35, 44, 65, 0, 13, 18, 51, 100, 25, 31, 14, 350, 3, 20, 23, 255, 27, 152, 306, 9, 84, 51, 351, 54, 21, 191, 16, 45, 0, 3, 31, 0, 10, 21, 19, 0, 0, 0, 2, 169, 31, 2, 1, 0, 5, 0, 29, 2, 0, 0, 0, 5, 0, 0, 0, 0, 0, 0, 42, 28, 0, 0, 0, 0, 0, 28, 0, 0, 1, 0, 0, 7, 0, 37, 14, 0, 16, 0, 10, 20, 3, 0, 0, 0, 0, 0, 0, 0, 3, 0, 6, 0, 48, 7, 0, 0, 0, 30, 0, 4, 255, 0, 8, 0, 0, 0, 0, 175, 0, 0, 102, 0, 6, 4, 0, 0, 0, 0, 15, 16, 2, 0, 0, 1, 18, 113, 2, 0, 0, 0, 16, 10, 0, 0, 0, 0, 0, 0, 67, 173, 0, 0, 0, 10, 10, 16, 0, 0, 15, 14, 0, 0, 2, 0, 0, 50, 37, 0, 0, 10, 0, 0, 14, 0, 0, 0, 10, 3, 0, 1, 0, 0, 11, 4, 189, 87, 2, 35, 3, 12, 2, 3, 0, 0, 0, 11, 0, 11, 56, 0, 0, 0, 3, 11, 21, 0, 0, 39, 0, 0, 0, 3, 0, 0]
190

[324, 284, 11, 62, 63, 107, 146, 71, 212, 55, 10, 9, 128, 70, 47, 64, 46, 91, 47, 62, 87, 44, 115, 60, 100, 46, 0, 64, 77, 47, 10, 5, 80, 89, 69, 20, 47, 88, 55, 31, 0, 5, 70, 36, 42, 128, 53, 40, 55, 53, 105, 61, 30, 94, 74, 36, 42, 89, 7, 49, 46, 52, 28, 5, 45, 0, 35, 28, 44, 77, 98, 55, 6, 44, 38, 47, 95, 64, 67, 0, 43, 59, 76, 0, 45, 38, 64, 40, 55, 36, 62, 32, 113, 71, 39, 65, 0, 48, 30, 41, 57, 6, 0, 149, 39, 42, 0, 54, 5, 43, 72, 144, 79, 90, 99, 41, 47, 59, 51, 42, 110, 89, 99, 72, 390, 2, 167, 1, 34, 0, 0, 0, 0, 14, 41, 87, 0, 75, 0, 7, 0, 0, 21, 3, 0, 0, 36, 0, 0, 0, 0, 12, 47, 42, 0, 30, 0, 54, 68, 0, 0, 9, 66, 0, 0, 19, 55, 0, 1, 0, 45, 0, 184, 0, 0, 0, 1, 3, 0, 14, 101, 0, 1, 0, 4, 2, 0, 0, 0, 0, 6, 5, 0, 0, 0, 57, 0, 3, 0, 5, 1, 0, 70, 0, 0, 0, 0, 0, 21, 9, 15, 0, 1, 0, 4, 0, 138, 3, 0, 0, 0, 28, 42, 97, 0, 8, 0, 0, 3, 0, 18, 0, 5, 0, 0, 0, 0, 16, 61, 43, 7, 0, 6, 21, 0, 8, 4, 0, 0, 0, 1, 0, 1, 2, 91, 0, 30, 74, 0, 0, 0, 0, 6, 0, 0, 0, 8, 0, 0, 4, 44, 123, 4, 0, 26, 51, 0, 0, 0, 0, 0, 0, 0, 0, 20, 0, 30, 0, 44, 0, 15, 14, 0, 0, 0, 3, 7, 34, 67, 28]
202

[410, 36, 230, 421, 130, 104, 237, 206, 51, 155, 60, 34, 39, 74, 475, 100, 6, 204, 236, 132, 111, 144, 38, 133, 105, 0, 43, 81, 34, 44, 63, 43, 69, 37, 64, 0, 122, 57, 0, 0, 0, 93, 110, 48, 45, 52, 17, 51, 60, 53, 64, 27, 0, 5, 25, 14, 0, 28, 54, 187, 51, 40, 41, 0, 25, 62, 0, 100, 37, 64, 0, 53, 0, 62, 3, 89, 29, 67, 40, 31, 12, 27, 29, 36, 31, 54, 48, 179, 258, 40, 25, 0, 122, 3, 53, 34, 73, 36, 17, 0, 97, 51, 60, 29, 53, 35, 97, 3, 53, 0, 29, 0, 153, 94, 118, 34, 81, 2, 34, 74, 49, 57, 44, 55, 114, 39, 0, 0, 4, 0, 0, 0, 25, 0, 0, 0, 0, 0, 0, 0, 63, 26, 10, 35, 0, 18, 29, 12, 4, 2, 0, 50, 0, 0, 0, 0, 0, 0, 2, 54, 0, 0, 0, 0, 5, 0, 0, 38, 0, 1, 5, 41, 0, 0, 0, 37, 28, 21, 19, 0, 0, 0, 2, 0, 2, 0, 7, 1, 36, 0, 21, 0, 0, 0, 0, 0, 143, 2, 50, 57, 3, 2, 0, 0, 42, 0, 1, 0, 39, 0, 0, 32, 0, 0, 30, 0, 26, 0, 0, 0, 0, 0, 0, 0, 5, 0, 35, 0, 0, 0, 0, 1, 0, 0, 38, 0, 0, 0, 0, 3, 56, 0, 0, 0, 2, 0, 11, 32, 1, 0, 0, 0, 22, 0, 0, 3, 0, 0, 0, 0, 0, 25, 0, 0, 0, 0, 13, 0, 0, 0, 0, 20, 41, 0, 0, 51, 0, 0, 0, 12, 69, 0, 0, 0, 45, 0, 0, 0, 11, 47, 1, 0, 26, 93, 0, 0, 0, 0, 12, 13]
179

[500, 23, 90, 170, 12, 324, 12, 30, 267, 117, 34, 33, 32, 21, 53, 20, 38, 10, 1, 54, 90, 7, 11, 38, 54, 48, 113, 27, 55, 45, 142, 0, 299, 2, 13, 1, 6, 47, 11, 93, 33, 77, 33, 15, 10, 24, 66, 29, 1, 22, 37, 0, 17, 27, 68, 57, 3, 69, 49, 0, 0, 58, 73, 139, 28, 65, 8, 1, 0, 22, 112, 9, 52, 8, 11, 355, 19, 37, 0, 15, 40, 24, 20, 8, 33, 1, 79, 18, 82, 0, 0, 36, 16, 162, 75, 106, 7, 35, 21, 49, 13, 194, 236, 16, 86, 329, 86, 113, 33, 24, 46, 152, 19, 19, 25, 33, 15, 0, 105, 122, 0, 151, 91, 62, 80, 17, 6, 5, 0, 8, 0, 0, 0, 0, 101, 50, 0, 21, 0, 243, 0, 0, 0, 0, 6, 0, 0, 0, 0, 18, 1, 0, 6, 0, 0, 0, 0, 50, 0, 0, 0, 12, 0, 115, 0, 16, 18, 0, 0, 287, 0, 18, 0, 0, 0, 0, 0, 9, 73, 0, 0, 0, 0, 0, 1, 0, 0, 16, 0, 32, 6, 151, 0, 1, 161, 66, 0, 4, 78, 0, 0, 59, 54, 11, 268, 17, 0, 3, 0, 6, 0, 0, 1, 0, 160, 0, 1, 0, 4, 1, 1, 101, 11, 1, 0, 1, 0, 177, 0, 42, 10, 4, 0, 0, 16, 32, 5, 0, 7, 2, 39, 0, 0, 0, 0, 11, 7, 12, 5, 0, 5, 0, 2, 8, 0, 0, 10, 2, 1, 5, 0, 132, 0, 0, 0, 0, 18, 0, 12, 0, 0, 0, 0, 0, 0, 0, 8, 0, 14, 0, 0, 0, 0, 0, 0, 5, 7, 0, 0, 58, 12, 0, 0, 7, 0, 0, 21, 43, 11, 0]
197

[144, 102, 217, 244, 233, 0, 154, 4, 6, 5, 110, 1, 77, 228, 194, 83, 68, 93, 287, 0, 46, 99, 163, 84, 10, 140, 63, 123, 51, 47, 99, 62, 40, 65, 115, 56, 176, 69, 37, 50, 109, 52, 4, 69, 17, 0, 48, 0, 53, 2, 50, 7, 30, 87, 0, 19, 6, 58, 2, 58, 50, 57, 41, 49, 72, 0, 19, 85, 12, 118, 336, 46, 39, 39, 3, 0, 78, 32, 63, 61, 51, 1, 11, 39, 70, 38, 23, 12, 81, 43, 13, 12, 43, 22, 72, 58, 24, 37, 37, 58, 45, 60, 22, 33, 69, 73, 22, 0, 71, 21, 53, 42, 53, 9, 396, 44, 142, 55, 123, 91, 57, 37, 0, 62, 55, 59, 0, 29, 0, 0, 0, 13, 21, 23, 2, 114, 21, 22, 0, 69, 0, 0, 0, 3, 0, 14, 24, 3, 0, 0, 17, 0, 73, 14, 27, 0, 1, 4, 3, 22, 93, 0, 0, 30, 11, 9, 72, 0, 0, 0, 0, 19, 0, 21, 0, 3, 0, 3, 6, 0, 0, 0, 55, 2, 0, 8, 0, 0, 0, 63, 0, 14, 0, 0, 0, 4, 2, 36, 37, 0, 32, 0, 34, 0, 58, 37, 21, 2, 50, 9, 7, 0, 25, 0, 0, 0, 0, 0, 73, 0, 31, 0, 0, 73, 3, 0, 5, 41, 0, 3, 44, 1, 0, 50, 0, 0, 0, 0, 0, 31, 49, 0, 0, 1, 0, 0, 0, 0, 6, 0, 41, 14, 0, 8, 0, 4, 0, 0, 6, 12, 0, 3, 13, 0, 28, 0, 0, 3, 101, 0, 7, 0, 50, 8, 1, 0, 8, 0, 42, 48, 15, 0, 0, 0, 122, 1, 18, 0, 0, 0, 0, 55, 0, 0, 0, 4, 0, 0, 40, 0]
206

[288, 44, 210, 75, 130, 2, 0, 175, 192, 424, 132, 173, 106, 100, 115, 183, 70, 27, 129, 126, 6, 242, 1, 188, 169, 89, 104, 73, 95, 0, 53, 58, 0, 78, 146, 37, 3, 45, 71, 33, 70, 33, 90, 34, 47, 94, 64, 55, 62, 72, 89, 63, 43, 48, 47, 27, 9, 67, 66, 84, 59, 4, 58, 54, 117, 82, 60, 171, 72, 0, 75, 62, 2, 71, 55, 0, 43, 102, 66, 55, 13, 47, 56, 53, 44, 57, 160, 83, 105, 49, 46, 54, 40, 52, 70, 56, 62, 5, 43, 88, 58, 4, 40, 8, 17, 51, 43, 60, 0, 7, 30, 41, 55, 11, 71, 38, 86, 36, 195, 132, 33, 0, 52, 71, 30, 5, 0, 49, 26, 0, 13, 0, 0, 1, 4, 25, 105, 0, 0, 7, 0, 0, 0, 0, 19, 1, 5, 18, 1, 0, 6, 1, 15, 0, 0, 0, 0, 0, 0, 0, 0, 5, 0, 1, 30, 0, 43, 50, 0, 5, 33, 0, 0, 34, 27, 44, 0, 0, 0, 0, 0, 0, 44, 13, 2, 0, 3, 0, 18, 0, 1, 5, 0, 2, 3, 0, 2, 4, 55, 9, 14, 27, 15, 4, 0, 16, 0, 34, 36, 0, 0, 32, 0, 7, 15, 0, 1, 1, 31, 0, 10, 0, 0, 0, 0, 0, 0, 0, 0, 0, 4, 0, 5, 0, 0, 0, 0, 0, 12, 1, 0, 0, 0, 0, 24, 0, 3, 0, 0, 6, 7, 85, 0, 0, 0, 0, 97, 1, 21, 8, 21, 0, 5, 0, 7, 5, 0, 36, 2, 0, 0, 2, 0, 0, 9, 0, 0, 0, 17, 41, 0, 51, 0, 0, 0, 0, 0, 0, 37, 0, 0, 1, 0, 0, 0, 24, 0, 0, 48, 27]
201

[499, 38, 2, 195, 45, 51, 106, 51, 45, 1, 49, 84, 5, 39, 1, 47, 24, 40, 67, 82, 125, 35, 36, 7, 19, 48, 8, 23, 21, 5, 41, 49, 10, 12, 8, 27, 92, 46, 13, 36, 58, 19, 34, 48, 13, 11, 41, 27, 0, 45, 18, 24, 14, 23, 0, 6, 1, 88, 94, 245, 39, 133, 53, 57, 317, 243, 172, 82, 17, 38, 0, 65, 42, 0, 55, 301, 9, 1, 27, 131, 8, 28, 15, 39, 56, 49, 73, 30, 45, 122, 0, 7, 32, 125, 7, 40, 2, 375, 219, 201, 2, 0, 35, 40, 1, 47, 5, 16, 64, 46, 2, 224, 158, 55, 115, 31, 18, 94, 0, 36, 346, 66, 170, 0, 283, 4, 50, 69, 0, 0, 0, 26, 3, 0, 0, 9, 2, 66, 0, 0, 322, 0, 160, 0, 0, 0, 19, 0, 0, 42, 0, 0, 8, 0, 0, 0, 4, 0, 3, 0, 41, 9, 20, 0, 0, 6, 0, 5, 45, 20, 0, 0, 7, 3, 77, 0, 107, 0, 0, 1, 0, 48, 2, 51, 1, 0, 24, 0, 5, 68, 0, 4, 7, 0, 3, 15, 0, 6, 37, 21, 2, 0, 21, 1, 0, 0, 0, 0, 8, 0, 0, 10, 40, 2, 0, 5, 0, 3, 0, 0, 6, 0, 4, 0, 0, 5, 12, 0, 0, 0, 0, 0, 0, 47, 0, 0, 8, 127, 2, 15, 0, 0, 0, 5, 0, 12, 16, 223, 1, 1, 0, 0, 0, 0, 1, 58, 0, 26, 0, 37, 0, 16, 0, 0, 3, 0, 21, 25, 0, 0, 18, 9, 37, 0, 0, 0, 7, 0, 0, 0, 125, 0, 4, 0, 13, 7, 3, 4, 0, 6, 0, 7, 5, 0, 0, 0, 0, 13, 0, 9]
205

