[253, 207, 146, 15, 232, 151, 214, 173, 149, 150, 145, 78, 129, 108, 119, 36, 155, 47, 111, 0, 219, 84, 0, 56, 32, 1, 51, 0, 0, 0, 140, 17, 3, 41, 62, 64, 74, 44, 42, 44, 0, 102, 0, 65, 126, 69, 94, 73, 89, 1, 56, 40, 100, 0, 0, 114, 0, 2, 137, 79, 16, 72, 36, 1, 49, 0, 38, 230, 64, 72, 35, 68, 50, 0, 22, 132, 11, 93, 59, 59, 233, 69, 0, 80, 350, 80, 45, 0, 39, 2, 74, 53, 86, 132, 79, 80, 47, 73, 84, 122, 53, 0, 0, 0, 0, 0, 0, 7, 0, 100, 3, 0, 78, 31, 122, 0, 0, 0, 21, 0, 23, 60, 0, 0, 0, 54, 0, 1, 16, 0, 0, 0, 6, 0, 9, 0, 19, 0, 0, 0, 20, 15, 0, 64, 2, 126, 0, 5, 81, 12, 0, 0, 75, 31, 50, 3, 67, 5, 35, 23, 0, 0, 0, 0, 78, 4, 0, 29, 36, 0, 0, 43, 2, 0, 10, 0, 28, 0, 0, 0, 7, 0, 0, 0, 12, 4, 34, 1, 0, 2, 21, 0, 83, 100, 0, 35, 0, 15, 53, 0, 0, 0, 17, 0, 29, 0, 0, 0, 17, 0, 22, 26, 0, 26, 0, 6, 0, 146, 0, 27, 0, 31, 1, 0, 5, 1, 0, 50, 0, 6, 1, 2, 25, 0, 0, 25, 1, 2, 0, 35, 69, 36, 59, 0, 0, 0, 0, 0, 0, 39, 1, 0, 0, 0, 0, 0, 0, 0, 0, 0, 0, 9, 0, 0, 4, 53, 0, 0, 0, 0, 69, 61, 0, 15, 0, 0, 1, 0, 0, 0, 0, 0, 0, 0, 0, 0, 0, 9, 0, 0, 45, 42, 40, 43, 0, 0, 1, 0, 13, 2]
180

[0, 361, 0, 394, 9, 0, 355, 210, 32, 0, 139, 97, 23, 0, 93, 340, 50, 0, 80, 55, 108, 43, 98, 132, 3, 47, 54, 94, 3, 65, 46, 60, 0, 8, 21, 23, 53, 15, 50, 89, 73, 2, 48, 35, 32, 38, 77, 41, 47, 0, 34, 73, 55, 3, 60, 41, 55, 54, 20, 10, 34, 32, 40, 24, 55, 25, 42, 38, 32, 45, 40, 70, 66, 100, 76, 264, 11, 0, 72, 279, 62, 60, 199, 92, 148, 42, 75, 212, 46, 209, 128, 178, 96, 112, 0, 53, 132, 44, 155, 116, 4, 73, 9, 74, 0, 17, 0, 0, 11, 1, 68, 0, 0, 175, 0, 8, 0, 8, 7, 0, 0, 15, 0, 0, 0, 0, 25, 31, 0, 3, 15, 20, 7, 0, 0, 0, 138, 0, 0, 0, 5, 0, 6, 166, 0, 0, 4, 0, 1, 0, 26, 0, 4, 0, 0, 8, 1, 0, 0, 0, 0, 111, 12, 6, 0, 36, 5, 6, 0, 54, 13, 3, 0, 0, 0, 1, 26, 0, 20, 0, 0, 0, 94, 0, 0, 0, 0, 40, 10, 8, 0, 0, 0, 3, 97, 0, 0, 12, 0, 48, 0, 5, 0, 3, 0, 1, 0, 2, 0, 155, 0, 47, 0, 0, 0, 0, 3, 0, 0, 12, 0, 75, 55, 0, 12, 12, 0, 0, 8, 0, 2, 0, 0, 0, 11, 0, 0, 24, 0, 85, 31, 0, 9, 0, 58, 0, 0, 0, 24, 0, 0, 7, 40, 0, 0, 39, 0, 16, 0, 28, 3, 5, 30, 7, 0, 33, 36, 0, 0, 1, 1, 0, 0, 0, 3, 93, 0, 0, 83, 0, 25, 21, 0, 18, 5, 42, 0, 9, 0, 25, 0, 29, 0, 0, 60, 0, 112, 0, 8, 0]
187

[499, 83, 10, 188, 135, 111, 37, 162, 148, 0, 24, 1, 137, 5, 125, 9, 76, 10, 24, 81, 2, 59, 60, 2, 126, 102, 187, 2, 24, 67, 65, 28, 0, 52, 83, 30, 98, 57, 25, 1, 147, 28, 62, 95, 25, 1, 8, 77, 11, 25, 1, 77, 4, 75, 0, 15, 18, 429, 59, 204, 0, 139, 5, 2, 86, 105, 171, 245, 65, 13, 41, 28, 119, 68, 99, 286, 1, 74, 30, 0, 73, 171, 142, 83, 35, 0, 82, 83, 38, 0, 199, 99, 50, 27, 80, 108, 192, 69, 12, 73, 0, 0, 0, 0, 0, 0, 0, 8, 0, 0, 10, 1, 0, 0, 0, 0, 0, 1, 0, 0, 0, 0, 0, 37, 0, 0, 0, 3, 0, 0, 0, 0, 0, 0, 0, 0, 0, 0, 0, 305, 290, 0, 0, 2, 0, 2, 0, 71, 0, 0, 0, 0, 0, 0, 0, 0, 0, 248, 0, 2, 0, 0, 0, 0, 0, 0, 0, 0, 0, 0, 0, 0, 0, 0, 43, 0, 0, 0, 0, 0, 0, 208, 0, 0, 0, 0, 0, 2, 0, 0, 0, 0, 6, 0, 0, 2, 0, 0, 0, 2, 0, 0, 0, 0, 0, 0, 0, 0, 0, 0, 0, 56, 0, 0, 0, 11, 0, 0, 0, 0, 0, 0, 0, 4, 0, 0, 0, 0, 0, 0, 0, 0, 0, 0, 0, 0, 175, 0, 0, 3, 0, 0, 0, 341, 19, 1, 1, 17, 0, 0, 0, 0, 0, 0, 0, 0, 0, 0, 0, 0, 0, 31, 0, 0, 0, 0, 0, 0, 67, 0, 0, 7, 324, 0, 0, 0, 25, 0, 3, 0, 0, 0, 0, 0, 0, 0, 5, 97, 449, 0, 0, 0, 9, 0, 0, 119, 2, 0, 2, 0]
135

[453, 434, 82, 106, 0, 3, 57, 178, 106, 45, 42, 68, 134, 6, 0, 0, 37, 39, 54, 89, 37, 136, 47, 43, 0, 111, 33, 36, 39, 43, 44, 59, 30, 57, 69, 20, 133, 17, 218, 37, 17, 68, 39, 43, 49, 60, 8, 88, 44, 12, 154, 39, 0, 95, 33, 125, 22, 61, 0, 30, 52, 296, 277, 24, 42, 0, 82, 117, 38, 169, 52, 0, 42, 54, 108, 36, 5, 72, 119, 41, 153, 144, 0, 67, 30, 61, 104, 88, 1, 281, 75, 80, 0, 220, 0, 204, 80, 48, 68, 37, 7, 3, 0, 0, 72, 61, 0, 0, 2, 0, 1, 5, 0, 0, 127, 0, 265, 0, 22, 8, 129, 0, 0, 0, 21, 0, 0, 0, 0, 1, 0, 0, 0, 6, 3, 9, 24, 0, 1, 1, 4, 40, 1, 2, 0, 0, 0, 0, 0, 35, 0, 256, 0, 35, 0, 24, 0, 0, 0, 0, 0, 6, 0, 0, 0, 0, 0, 4, 5, 0, 0, 0, 12, 0, 22, 130, 0, 0, 47, 3, 0, 0, 0, 1, 4, 163, 74, 0, 0, 0, 0, 1, 0, 0, 2, 4, 0, 0, 31, 24, 6, 0, 1, 0, 1, 0, 1, 9, 1, 131, 0, 0, 0, 0, 0, 3, 0, 8, 0, 0, 97, 0, 0, 0, 0, 0, 0, 11, 0, 0, 0, 0, 19, 19, 20, 0, 2, 0, 38, 0, 85, 0, 0, 0, 0, 1, 0, 26, 0, 0, 22, 0, 0, 40, 0, 0, 0, 0, 7, 132, 20, 23, 20, 0, 52, 0, 0, 16, 7, 0, 3, 118, 0, 0, 2, 0, 3, 0, 0, 0, 0, 0, 0, 0, 0, 0, 53, 9, 250, 0, 12, 3, 0, 3, 0, 0, 0, 18, 0, 14]
175

[15, 207, 5, 279, 364, 93, 54, 80, 100, 101, 114, 94, 42, 117, 61, 76, 80, 85, 70, 191, 82, 139, 161, 0, 78, 2, 0, 99, 75, 3, 102, 1, 109, 2, 12, 87, 115, 35, 76, 51, 40, 41, 60, 43, 32, 61, 32, 81, 49, 22, 48, 48, 65, 7, 96, 359, 81, 80, 84, 106, 486, 3, 104, 77, 30, 120, 171, 172, 2, 0, 112, 101, 0, 54, 160, 56, 138, 6, 137, 52, 54, 90, 52, 38, 35, 29, 2, 71, 4, 0, 286, 39, 103, 78, 121, 56, 1, 0, 51, 202, 0, 41, 0, 0, 0, 29, 17, 3, 15, 0, 0, 63, 0, 40, 0, 0, 0, 0, 0, 0, 0, 0, 4, 0, 48, 0, 0, 0, 0, 0, 9, 0, 0, 0, 0, 0, 1, 0, 3, 0, 14, 0, 3, 0, 0, 0, 6, 0, 16, 10, 3, 5, 51, 2, 0, 0, 0, 0, 0, 0, 5, 13, 0, 0, 0, 0, 7, 0, 0, 36, 0, 2, 0, 34, 0, 0, 75, 0, 60, 0, 0, 42, 0, 0, 0, 0, 2, 88, 0, 8, 0, 0, 0, 85, 45, 27, 0, 0, 1, 0, 0, 1, 86, 0, 0, 0, 38, 0, 0, 11, 0, 11, 4, 25, 0, 15, 0, 35, 0, 13, 37, 1, 17, 0, 0, 0, 0, 1, 13, 0, 1, 7, 0, 0, 0, 0, 83, 0, 0, 0, 0, 50, 0, 0, 0, 0, 0, 30, 0, 0, 0, 0, 82, 1, 30, 51, 52, 0, 0, 44, 8, 0, 59, 2, 0, 63, 0, 39, 2, 0, 0, 173, 78, 0, 0, 0, 0, 0, 25, 6, 1, 0, 36, 0, 18, 0, 30, 0, 0, 0, 65, 6, 0, 0, 4, 0, 10, 0, 17, 21]
177

[201, 0, 146, 431, 134, 0, 12, 136, 165, 136, 112, 134, 149, 228, 159, 244, 445, 1, 160, 0, 107, 76, 113, 123, 107, 175, 141, 154, 43, 92, 99, 83, 91, 0, 99, 2, 9, 60, 55, 95, 85, 116, 7, 47, 83, 64, 94, 71, 158, 104, 57, 17, 0, 0, 56, 92, 42, 0, 0, 57, 52, 97, 94, 3, 50, 83, 45, 0, 34, 0, 80, 116, 49, 70, 27, 86, 73, 78, 47, 49, 43, 121, 0, 0, 79, 85, 50, 0, 82, 67, 0, 131, 70, 48, 331, 0, 73, 113, 0, 62, 1, 0, 12, 51, 0, 0, 0, 10, 0, 65, 26, 0, 12, 0, 0, 0, 44, 0, 13, 4, 28, 0, 0, 11, 9, 0, 0, 0, 1, 106, 0, 0, 3, 0, 0, 8, 0, 1, 7, 0, 4, 28, 44, 0, 0, 23, 0, 13, 20, 10, 24, 0, 0, 5, 39, 4, 1, 0, 40, 19, 0, 0, 41, 0, 1, 0, 0, 19, 3, 0, 0, 33, 0, 28, 0, 6, 40, 0, 0, 0, 13, 0, 0, 50, 5, 0, 1, 0, 0, 1, 0, 48, 0, 0, 0, 11, 0, 1, 73, 0, 0, 3, 0, 0, 1, 19, 0, 0, 38, 22, 0, 35, 0, 0, 0, 0, 37, 21, 75, 20, 0, 0, 0, 0, 28, 53, 0, 0, 19, 45, 36, 0, 47, 11, 0, 4, 19, 0, 0, 4, 58, 0, 0, 30, 0, 0, 17, 2, 0, 0, 22, 5, 0, 0, 0, 5, 0, 0, 0, 0, 0, 21, 0, 24, 30, 0, 0, 15, 0, 0, 0, 5, 29, 0, 53, 38, 2, 41, 0, 0, 0, 0, 0, 8, 67, 0, 39, 0, 0, 0, 21, 0, 1, 3, 0, 9, 1, 0, 2, 0]
180

[346, 1, 258, 204, 257, 158, 11, 47, 203, 137, 87, 107, 132, 105, 95, 1, 131, 70, 74, 92, 114, 101, 128, 0, 105, 1, 0, 134, 65, 55, 79, 90, 70, 2, 72, 124, 82, 48, 1, 71, 1, 1, 47, 31, 392, 100, 85, 65, 36, 129, 102, 97, 35, 68, 69, 103, 73, 29, 67, 32, 51, 50, 73, 105, 92, 36, 130, 9, 84, 75, 61, 48, 135, 125, 2, 44, 0, 42, 36, 79, 32, 49, 0, 68, 5, 94, 105, 107, 0, 156, 82, 0, 0, 243, 43, 163, 117, 76, 81, 76, 107, 0, 0, 19, 0, 0, 0, 0, 0, 0, 0, 0, 9, 167, 0, 0, 7, 2, 31, 0, 4, 41, 1, 0, 0, 2, 0, 11, 34, 110, 0, 0, 0, 0, 0, 32, 26, 2, 0, 16, 1, 0, 0, 4, 26, 2, 12, 0, 0, 8, 17, 0, 0, 0, 0, 0, 17, 17, 38, 6, 0, 0, 0, 0, 0, 0, 0, 0, 0, 0, 43, 11, 0, 0, 139, 0, 0, 47, 0, 0, 0, 0, 0, 0, 0, 0, 0, 0, 0, 0, 0, 102, 0, 0, 0, 3, 0, 4, 15, 0, 0, 1, 8, 2, 56, 0, 0, 0, 0, 17, 0, 1, 3, 0, 0, 0, 57, 0, 0, 0, 0, 0, 2, 0, 6, 0, 0, 0, 0, 0, 94, 0, 30, 7, 22, 0, 8, 0, 2, 121, 0, 6, 0, 0, 0, 34, 0, 20, 6, 6, 0, 0, 0, 0, 31, 0, 53, 0, 1, 0, 0, 11, 0, 12, 0, 0, 0, 13, 0, 0, 0, 69, 0, 27, 0, 0, 46, 84, 38, 0, 6, 0, 0, 31, 0, 0, 1, 0, 70, 43, 2, 32, 0, 0, 0, 0, 17, 0, 0, 77]
172

[498, 269, 212, 67, 34, 161, 143, 158, 265, 125, 1, 86, 59, 32, 57, 215, 4, 27, 11, 6, 38, 8, 100, 23, 80, 2, 38, 3, 22, 4, 172, 169, 31, 106, 46, 26, 83, 75, 75, 29, 26, 286, 13, 88, 45, 0, 0, 30, 16, 0, 27, 195, 33, 63, 7, 125, 1, 3, 66, 30, 38, 58, 124, 40, 13, 71, 1, 116, 38, 14, 10, 143, 27, 2, 53, 25, 9, 52, 0, 56, 134, 9, 57, 235, 125, 0, 91, 33, 181, 36, 63, 15, 131, 140, 144, 237, 0, 78, 44, 51, 0, 11, 0, 0, 77, 2, 0, 7, 0, 3, 0, 1, 29, 119, 0, 49, 0, 0, 2, 75, 0, 5, 184, 0, 0, 1, 0, 0, 14, 0, 0, 0, 0, 88, 0, 0, 5, 0, 2, 4, 10, 0, 36, 42, 3, 57, 1, 17, 2, 8, 0, 2, 20, 0, 0, 0, 2, 31, 7, 5, 9, 9, 6, 0, 28, 0, 0, 15, 13, 246, 0, 0, 0, 1, 75, 0, 0, 10, 11, 12, 0, 4, 0, 0, 9, 13, 265, 61, 0, 0, 73, 0, 0, 0, 0, 0, 0, 0, 1, 0, 0, 0, 0, 0, 0, 0, 0, 0, 0, 0, 0, 13, 7, 13, 0, 3, 4, 444, 0, 8, 86, 0, 11, 2, 3, 68, 1, 0, 51, 0, 2, 5, 2, 4, 33, 0, 0, 1, 17, 0, 0, 0, 11, 0, 0, 0, 1, 2, 16, 1, 0, 15, 3, 0, 7, 0, 0, 1, 1, 5, 269, 7, 0, 0, 0, 0, 6, 3, 0, 0, 0, 0, 12, 0, 1, 2, 0, 0, 33, 1, 0, 5, 6, 0, 0, 5, 3, 0, 24, 5, 0, 0, 47, 3, 23, 0, 2, 0, 0, 112]
199

[500, 10, 12, 34, 87, 121, 128, 218, 22, 0, 126, 50, 13, 37, 11, 0, 8, 51, 56, 91, 83, 87, 33, 6, 162, 356, 89, 29, 1, 30, 22, 2, 30, 58, 4, 47, 0, 19, 83, 61, 0, 0, 24, 0, 102, 45, 121, 112, 156, 37, 404, 43, 30, 47, 9, 41, 63, 60, 45, 84, 72, 89, 0, 3, 44, 28, 22, 228, 52, 0, 80, 145, 61, 10, 0, 0, 12, 0, 48, 165, 13, 38, 323, 377, 69, 154, 56, 64, 31, 1, 104, 12, 50, 163, 123, 99, 303, 1, 268, 114, 7, 11, 0, 0, 0, 3, 0, 6, 211, 23, 0, 1, 4, 0, 0, 0, 0, 0, 0, 0, 0, 0, 0, 0, 136, 0, 40, 0, 30, 0, 0, 0, 179, 8, 0, 5, 0, 0, 0, 0, 0, 0, 0, 0, 0, 1, 0, 0, 0, 0, 0, 3, 0, 0, 4, 1, 0, 0, 0, 0, 0, 0, 37, 0, 0, 0, 0, 4, 0, 43, 0, 0, 1, 0, 35, 0, 7, 0, 0, 0, 0, 0, 53, 0, 0, 7, 0, 3, 0, 0, 0, 0, 0, 0, 0, 0, 0, 0, 0, 1, 0, 0, 1, 196, 0, 21, 0, 102, 0, 299, 0, 0, 0, 0, 0, 2, 0, 21, 0, 0, 50, 425, 0, 0, 0, 46, 0, 1, 0, 7, 3, 0, 7, 75, 0, 0, 11, 240, 0, 0, 0, 0, 0, 93, 3, 0, 0, 7, 0, 0, 3, 0, 0, 1, 0, 0, 0, 25, 0, 0, 12, 183, 0, 9, 0, 0, 0, 0, 0, 5, 0, 0, 38, 0, 0, 0, 0, 74, 0, 9, 0, 0, 0, 0, 4, 0, 0, 0, 0, 0, 0, 0, 22, 0, 19, 0, 0, 0, 0, 0]
150

[130, 186, 113, 151, 1, 172, 2, 121, 161, 134, 121, 88, 155, 104, 148, 187, 2, 5, 85, 122, 67, 12, 109, 170, 187, 205, 170, 272, 17, 83, 109, 59, 45, 107, 63, 69, 0, 84, 0, 69, 41, 79, 0, 37, 16, 53, 81, 89, 52, 6, 63, 69, 41, 5, 80, 4, 53, 255, 51, 0, 54, 48, 102, 50, 61, 68, 57, 59, 44, 90, 89, 57, 81, 117, 28, 64, 0, 122, 11, 58, 60, 48, 75, 420, 0, 13, 158, 57, 45, 0, 12, 0, 167, 59, 0, 158, 170, 37, 103, 65, 0, 0, 0, 0, 121, 0, 0, 37, 10, 0, 3, 0, 14, 50, 14, 0, 20, 0, 0, 0, 0, 0, 0, 0, 2, 2, 0, 0, 6, 0, 76, 107, 0, 0, 41, 21, 0, 64, 0, 8, 0, 0, 0, 0, 23, 0, 1, 0, 0, 0, 0, 0, 0, 0, 0, 49, 0, 0, 8, 8, 40, 0, 11, 3, 46, 21, 0, 1, 0, 0, 1, 52, 0, 0, 0, 0, 3, 13, 11, 0, 26, 0, 0, 32, 4, 0, 4, 139, 0, 0, 74, 32, 4, 24, 0, 21, 3, 3, 7, 0, 27, 2, 0, 35, 1, 0, 25, 21, 0, 0, 0, 0, 1, 37, 15, 2, 0, 0, 0, 12, 2, 0, 0, 62, 81, 0, 1, 13, 0, 19, 0, 1, 24, 0, 0, 1, 0, 0, 0, 6, 20, 0, 0, 0, 0, 23, 61, 7, 0, 3, 0, 0, 0, 16, 0, 48, 26, 0, 0, 0, 15, 20, 20, 0, 2, 87, 0, 1, 0, 0, 0, 5, 0, 19, 0, 16, 0, 0, 31, 0, 19, 0, 0, 9, 0, 28, 29, 0, 0, 0, 32, 0, 11, 1, 0, 0, 186, 49, 1, 0]
186

