[221, 168, 117, 242, 119, 298, 0, 246, 226, 395, 308, 19, 9, 9, 0, 111, 139, 184, 90, 304, 12, 20, 137, 150, 7, 127, 93, 344, 89, 29, 0, 140, 112, 35, 63, 208, 47, 48, 62, 1, 84, 130, 2, 187, 121, 346, 67, 0, 74, 135, 61, 14, 183, 199, 126, 142, 166, 75, 79, 55, 62, 0, 62, 325, 52, 80, 141, 35, 141, 15, 63, 0, 0, 49, 2, 99, 20, 0, 58, 0, 0, 0, 0, 51, 22, 0, 0, 5, 0, 3, 0, 0, 0, 0, 0, 0, 0, 0, 33, 88, 0, 2, 35, 0, 11, 0, 12, 12, 30, 1, 0, 0, 11, 2, 5, 0, 0, 0, 26, 0, 29, 0, 0, 0, 48, 0, 0, 0, 0, 0, 0, 25, 0, 0, 0, 0, 29, 0, 114, 38, 17, 0, 0, 0, 0, 0, 0, 101, 26, 38, 0, 0, 0, 108, 0, 0, 93, 0, 141, 13, 0, 0, 0, 2, 0, 0, 0, 0, 52, 5, 0, 2, 0, 0, 5, 0, 0, 4, 0, 0, 0, 11, 0, 21, 22, 0, 0, 0, 0, 0, 2, 0, 56, 0, 0, 0, 0, 0, 0, 28, 0, 0, 0, 0, 0, 0, 3, 1, 0, 4, 1, 5, 8, 7, 0, 30, 0, 0, 0, 5, 0, 7, 6, 0, 0, 0, 14, 0, 2, 1, 2, 45, 0, 0, 0, 0, 0, 0, 0, 0, 25, 0, 12, 22, 0, 0, 16, 8, 17, 0, 0, 0, 2, 0, 123, 0, 0, 12, 0, 3, 9, 0, 0, 40, 0, 0, 0, 14, 0, 0, 4, 0, 10, 57, 0, 0, 0, 27, 7, 18, 26, 0, 0, 0, 0, 0, 0, 0, 0, 4, 39, 0, 0, 12, 0, 94, 0, 0, 0, 0]
154

[473, 439, 189, 10, 79, 229, 227, 208, 148, 0, 143, 0, 291, 124, 189, 219, 11, 78, 197, 105, 117, 95, 106, 49, 172, 74, 157, 45, 111, 10, 68, 313, 102, 160, 148, 35, 1, 134, 0, 108, 0, 120, 1, 0, 300, 58, 60, 71, 117, 0, 26, 284, 198, 56, 111, 72, 0, 0, 140, 108, 233, 9, 0, 98, 0, 426, 81, 184, 0, 0, 50, 200, 0, 225, 82, 0, 0, 0, 0, 0, 0, 0, 0, 0, 0, 0, 0, 6, 0, 0, 0, 0, 7, 0, 0, 0, 0, 0, 0, 0, 0, 0, 2, 0, 0, 0, 0, 0, 2, 24, 0, 0, 0, 0, 17, 20, 16, 0, 0, 10, 0, 0, 0, 0, 0, 0, 0, 0, 1, 23, 0, 0, 0, 0, 0, 9, 17, 0, 0, 5, 1, 51, 0, 32, 0, 0, 0, 0, 0, 0, 8, 0, 0, 0, 0, 9, 0, 4, 1, 0, 0, 18, 0, 0, 0, 0, 14, 0, 0, 0, 0, 11, 4, 21, 7, 0, 0, 0, 0, 17, 1, 0, 0, 0, 2, 0, 0, 0, 0, 3, 0, 2, 0, 0, 0, 0, 0, 0, 0, 0, 0, 0, 21, 11, 0, 0, 26, 0, 5, 0, 10, 1, 3, 0, 5, 0, 0, 0, 26, 0, 0, 1, 0, 2, 0, 0, 0, 0, 42, 0, 0, 0, 0, 0, 12, 0, 38, 0, 0, 19, 0, 0, 0, 0, 10, 1, 0, 15, 0, 0, 4, 19, 8, 0, 66, 48, 0, 11, 208, 0, 0, 0, 0, 288, 1, 0, 0, 0, 45, 17, 23, 0, 0, 0, 0, 0, 0, 1, 5, 30, 9, 0, 1, 0, 8, 314, 0, 0, 0, 0, 32, 29, 0, 0, 4, 0, 25, 0, 17, 0]
136

[317, 321, 95, 145, 0, 313, 305, 265, 256, 0, 295, 124, 61, 0, 39, 150, 61, 24, 8, 43, 3, 64, 115, 150, 133, 94, 37, 86, 70, 122, 342, 123, 38, 189, 110, 5, 38, 165, 66, 229, 116, 0, 0, 296, 53, 1, 93, 58, 47, 33, 43, 33, 78, 33, 65, 220, 63, 155, 0, 102, 272, 0, 210, 81, 0, 74, 451, 119, 88, 137, 0, 186, 43, 0, 88, 1, 1, 0, 0, 0, 0, 0, 0, 0, 1, 0, 0, 0, 0, 1, 39, 2, 0, 3, 0, 0, 0, 0, 0, 0, 0, 1, 0, 0, 0, 0, 188, 0, 0, 0, 0, 7, 34, 5, 29, 114, 54, 0, 0, 0, 60, 161, 0, 0, 0, 11, 0, 5, 10, 0, 0, 5, 27, 36, 0, 0, 56, 0, 0, 0, 0, 0, 0, 19, 0, 1, 0, 0, 0, 0, 0, 1, 0, 0, 0, 0, 0, 0, 0, 0, 0, 26, 0, 0, 0, 13, 1, 2, 1, 5, 3, 0, 0, 0, 0, 0, 0, 30, 0, 0, 3, 119, 0, 0, 0, 0, 9, 0, 0, 0, 2, 1, 0, 0, 0, 2, 0, 49, 30, 0, 0, 3, 0, 7, 2, 5, 0, 11, 0, 0, 21, 21, 0, 57, 0, 0, 0, 3, 6, 0, 97, 0, 5, 0, 1, 143, 0, 1, 11, 8, 16, 5, 0, 0, 1, 19, 0, 39, 45, 0, 0, 0, 0, 0, 0, 0, 52, 0, 2, 0, 0, 0, 0, 0, 0, 100, 109, 16, 0, 3, 0, 0, 6, 0, 0, 0, 24, 0, 0, 0, 1, 5, 19, 0, 0, 0, 0, 26, 0, 12, 0, 0, 0, 0, 7, 0, 13, 1, 0, 0, 0, 43, 1, 0, 125, 0, 1, 0, 0, 0]
151

[99, 283, 120, 102, 230, 0, 218, 177, 129, 199, 196, 100, 129, 123, 172, 1, 82, 210, 37, 15, 1, 56, 171, 69, 144, 148, 62, 201, 63, 79, 120, 58, 113, 0, 0, 51, 4, 37, 33, 68, 49, 135, 130, 82, 11, 27, 47, 154, 64, 74, 170, 162, 87, 292, 25, 68, 124, 34, 102, 25, 12, 52, 84, 109, 192, 258, 323, 297, 58, 253, 0, 119, 67, 350, 276, 0, 0, 0, 0, 0, 1, 25, 11, 0, 1, 0, 1, 0, 0, 0, 3, 16, 98, 0, 0, 0, 0, 0, 61, 77, 73, 0, 16, 1, 0, 24, 120, 0, 0, 0, 49, 0, 0, 0, 6, 0, 0, 0, 10, 0, 2, 42, 7, 2, 0, 160, 0, 0, 0, 0, 0, 0, 13, 0, 0, 0, 2, 114, 0, 0, 1, 0, 5, 0, 0, 33, 0, 0, 6, 0, 0, 0, 0, 6, 0, 0, 0, 26, 0, 0, 0, 0, 0, 0, 0, 0, 0, 0, 0, 0, 43, 3, 12, 0, 0, 37, 3, 24, 0, 0, 0, 0, 4, 0, 0, 16, 90, 21, 27, 0, 0, 0, 0, 0, 0, 0, 0, 13, 0, 0, 0, 0, 0, 13, 19, 0, 0, 0, 0, 19, 0, 0, 0, 0, 0, 0, 1, 0, 0, 0, 0, 0, 0, 0, 0, 2, 0, 18, 0, 0, 0, 107, 0, 0, 0, 62, 0, 29, 0, 18, 0, 28, 0, 0, 2, 0, 3, 0, 0, 27, 0, 2, 9, 19, 0, 0, 0, 0, 0, 23, 0, 1, 0, 0, 0, 7, 0, 86, 0, 0, 2, 0, 0, 0, 0, 0, 0, 89, 0, 0, 26, 0, 13, 0, 5, 1, 0, 0, 15, 0, 11, 0, 49, 0, 1, 4, 0, 0, 72, 0]
148

[209, 340, 63, 348, 322, 152, 54, 121, 168, 1, 222, 4, 0, 175, 13, 2, 191, 297, 70, 401, 204, 75, 153, 99, 56, 42, 164, 1, 8, 49, 182, 65, 146, 46, 35, 91, 4, 12, 0, 94, 215, 59, 52, 48, 60, 33, 41, 0, 29, 0, 112, 1, 51, 20, 0, 51, 85, 210, 83, 313, 0, 109, 244, 79, 75, 133, 0, 8, 0, 0, 219, 32, 16, 197, 6, 1, 0, 20, 97, 2, 0, 0, 0, 0, 1, 35, 0, 0, 0, 0, 0, 0, 0, 0, 0, 0, 8, 0, 4, 0, 0, 287, 4, 10, 1, 3, 0, 0, 0, 0, 0, 0, 0, 0, 14, 0, 3, 1, 22, 0, 5, 122, 61, 0, 0, 0, 0, 0, 1, 0, 140, 21, 1, 0, 0, 49, 25, 0, 0, 0, 136, 81, 0, 0, 0, 0, 1, 18, 2, 0, 1, 0, 228, 0, 39, 11, 0, 59, 0, 22, 4, 84, 0, 0, 0, 0, 25, 28, 0, 0, 2, 4, 1, 0, 0, 0, 0, 24, 0, 0, 2, 166, 0, 0, 0, 23, 17, 0, 0, 0, 0, 1, 38, 0, 6, 2, 35, 0, 0, 0, 0, 0, 0, 131, 0, 1, 0, 1, 14, 10, 0, 0, 0, 0, 68, 0, 25, 205, 0, 0, 1, 3, 0, 2, 47, 60, 1, 0, 2, 12, 0, 0, 20, 22, 0, 8, 0, 0, 0, 0, 11, 0, 0, 0, 2, 6, 0, 1, 0, 29, 0, 58, 0, 0, 0, 0, 1, 0, 17, 0, 46, 179, 36, 0, 0, 0, 5, 0, 0, 0, 1, 0, 1, 0, 25, 26, 0, 31, 0, 0, 0, 0, 0, 6, 0, 0, 0, 0, 40, 21, 4, 2, 11, 0, 35, 0, 0, 0, 0, 15]
164

[500, 159, 135, 9, 0, 92, 84, 148, 7, 380, 221, 1, 247, 102, 5, 119, 4, 198, 36, 108, 52, 241, 359, 6, 1, 11, 178, 3, 124, 68, 0, 1, 295, 347, 123, 2, 0, 62, 0, 237, 119, 1, 0, 3, 52, 0, 56, 104, 75, 68, 95, 5, 9, 45, 134, 126, 114, 189, 0, 0, 51, 0, 45, 0, 63, 104, 390, 1, 37, 141, 110, 297, 46, 149, 25, 0, 7, 19, 0, 0, 0, 1, 0, 0, 0, 45, 0, 0, 0, 0, 173, 0, 0, 51, 1, 0, 17, 0, 1, 0, 8, 0, 0, 0, 1, 0, 0, 0, 0, 0, 0, 0, 0, 0, 0, 80, 7, 0, 0, 0, 0, 56, 5, 0, 0, 0, 1, 400, 0, 0, 0, 0, 0, 0, 33, 0, 21, 0, 0, 3, 0, 0, 57, 0, 0, 3, 0, 0, 0, 15, 0, 0, 0, 0, 0, 179, 1, 0, 0, 0, 1, 0, 6, 0, 0, 0, 9, 0, 0, 70, 0, 2, 241, 0, 0, 0, 0, 0, 0, 0, 94, 0, 0, 12, 0, 0, 32, 3, 0, 0, 0, 0, 0, 0, 0, 0, 0, 0, 4, 208, 0, 0, 0, 0, 211, 0, 0, 0, 16, 169, 0, 0, 0, 0, 0, 0, 0, 0, 0, 0, 9, 1, 0, 0, 0, 0, 236, 2, 1, 15, 19, 0, 0, 0, 0, 97, 0, 0, 0, 0, 0, 0, 0, 0, 28, 0, 0, 0, 117, 1, 0, 0, 0, 0, 27, 0, 27, 0, 0, 0, 0, 3, 0, 17, 0, 0, 3, 0, 0, 0, 0, 0, 0, 0, 3, 0, 0, 0, 0, 0, 0, 0, 0, 0, 0, 0, 0, 0, 1, 248, 0, 15, 0, 0, 0, 0, 15, 28, 0, 5]
128

[221, 478, 468, 147, 61, 203, 325, 70, 104, 23, 20, 169, 82, 122, 42, 52, 58, 73, 31, 79, 65, 0, 0, 27, 0, 31, 218, 63, 12, 172, 73, 35, 36, 27, 0, 55, 67, 152, 55, 78, 300, 13, 16, 36, 0, 47, 69, 40, 261, 135, 37, 22, 79, 59, 1, 139, 71, 12, 30, 36, 27, 41, 29, 55, 481, 457, 23, 206, 477, 318, 325, 311, 23, 93, 130, 0, 0, 0, 0, 0, 11, 0, 0, 3, 0, 246, 0, 0, 0, 0, 0, 0, 1, 0, 0, 0, 0, 0, 1, 0, 0, 10, 0, 0, 0, 0, 1, 0, 0, 0, 0, 1, 0, 0, 0, 0, 0, 0, 0, 0, 162, 0, 67, 0, 0, 0, 17, 0, 0, 0, 15, 1, 0, 0, 0, 43, 0, 49, 0, 1, 0, 8, 20, 0, 0, 0, 1, 2, 0, 0, 0, 25, 0, 0, 0, 12, 0, 0, 7, 0, 1, 0, 0, 0, 0, 262, 0, 1, 0, 0, 25, 0, 0, 0, 0, 0, 0, 5, 0, 74, 0, 0, 25, 3, 0, 0, 0, 0, 0, 30, 0, 0, 16, 0, 11, 0, 0, 0, 0, 0, 377, 0, 49, 0, 0, 0, 6, 0, 0, 0, 0, 0, 36, 0, 17, 33, 0, 0, 0, 0, 0, 76, 8, 0, 0, 0, 0, 0, 0, 0, 0, 0, 0, 19, 0, 0, 0, 0, 12, 0, 0, 0, 0, 0, 0, 1, 1, 0, 0, 38, 0, 0, 0, 0, 11, 0, 0, 0, 0, 47, 1, 0, 0, 0, 0, 0, 0, 49, 0, 0, 0, 0, 0, 0, 0, 0, 0, 1, 0, 0, 14, 0, 0, 1, 24, 1, 0, 0, 0, 0, 0, 0, 0, 0, 0, 24, 0, 0, 0, 104]
128

[224, 497, 413, 0, 162, 138, 89, 1, 209, 82, 411, 303, 59, 269, 290, 0, 278, 286, 158, 78, 2, 206, 155, 161, 196, 56, 138, 16, 481, 51, 16, 51, 128, 186, 47, 137, 68, 170, 101, 53, 0, 112, 104, 26, 50, 41, 53, 66, 0, 12, 18, 0, 0, 30, 40, 30, 65, 38, 369, 43, 0, 327, 30, 116, 0, 296, 79, 121, 90, 0, 9, 0, 92, 335, 246, 0, 0, 0, 0, 2, 8, 0, 6, 0, 0, 0, 0, 61, 0, 0, 0, 0, 0, 0, 0, 2, 18, 64, 32, 0, 0, 0, 4, 1, 1, 0, 1, 0, 9, 0, 0, 0, 0, 0, 0, 0, 0, 58, 0, 0, 112, 0, 0, 0, 0, 0, 0, 0, 0, 14, 0, 24, 18, 0, 0, 0, 0, 4, 0, 0, 0, 12, 0, 0, 0, 0, 0, 0, 0, 0, 177, 31, 0, 0, 0, 41, 0, 0, 0, 42, 31, 0, 1, 0, 0, 0, 0, 0, 1, 0, 0, 0, 2, 0, 0, 0, 0, 0, 0, 0, 21, 1, 1, 29, 0, 0, 39, 0, 0, 0, 0, 0, 3, 0, 0, 0, 0, 0, 0, 23, 10, 0, 0, 21, 13, 0, 0, 0, 0, 0, 0, 24, 4, 0, 1, 0, 1, 0, 0, 0, 0, 0, 0, 0, 0, 0, 0, 0, 0, 13, 0, 0, 0, 0, 0, 0, 1, 0, 48, 0, 0, 0, 0, 0, 0, 0, 0, 0, 0, 0, 0, 116, 8, 1, 0, 0, 0, 0, 0, 0, 6, 0, 38, 0, 0, 0, 0, 11, 12, 0, 0, 0, 2, 0, 1, 0, 0, 0, 0, 0, 0, 0, 8, 0, 0, 1, 0, 0, 0, 0, 0, 0, 0, 0, 28, 12, 0, 14, 0, 8]
125

[0, 9, 259, 236, 136, 4, 215, 164, 183, 224, 3, 2, 134, 141, 224, 0, 41, 190, 83, 181, 183, 451, 193, 66, 35, 191, 114, 0, 46, 291, 105, 50, 68, 151, 82, 28, 87, 0, 10, 109, 58, 70, 78, 0, 97, 65, 82, 72, 64, 36, 89, 153, 64, 0, 0, 0, 34, 64, 86, 109, 60, 339, 148, 54, 156, 163, 0, 1, 199, 16, 58, 29, 65, 364, 108, 0, 92, 0, 0, 14, 21, 3, 1, 0, 0, 0, 3, 1, 0, 2, 22, 5, 28, 0, 1, 0, 16, 0, 28, 0, 3, 12, 79, 0, 1, 119, 0, 4, 6, 0, 0, 129, 0, 0, 0, 0, 0, 0, 1, 0, 0, 0, 65, 0, 65, 53, 0, 27, 23, 0, 14, 0, 18, 153, 6, 0, 0, 14, 10, 24, 46, 3, 0, 0, 0, 2, 0, 0, 0, 45, 11, 0, 0, 115, 5, 0, 0, 8, 0, 0, 8, 18, 0, 0, 1, 0, 16, 0, 0, 0, 21, 0, 64, 3, 7, 0, 18, 0, 0, 1, 0, 0, 0, 0, 0, 10, 0, 5, 0, 0, 22, 28, 0, 32, 0, 0, 7, 0, 0, 0, 1, 0, 0, 13, 0, 0, 9, 107, 0, 0, 0, 0, 23, 23, 0, 5, 0, 0, 0, 10, 9, 0, 92, 4, 90, 0, 0, 2, 0, 0, 0, 0, 36, 11, 1, 0, 0, 68, 0, 3, 8, 100, 0, 31, 0, 2, 0, 0, 19, 0, 0, 16, 0, 0, 16, 1, 0, 0, 0, 0, 1, 0, 0, 0, 4, 130, 0, 63, 0, 0, 30, 4, 88, 0, 0, 0, 66, 0, 6, 0, 0, 0, 0, 0, 0, 0, 0, 8, 0, 111, 0, 2, 52, 0, 0, 0, 1, 0, 0, 5]
166

[0, 1, 328, 202, 6, 279, 1, 134, 300, 198, 158, 366, 58, 0, 167, 153, 121, 155, 84, 184, 199, 10, 153, 0, 0, 2, 118, 154, 63, 14, 269, 68, 0, 2, 39, 49, 32, 4, 329, 1, 52, 117, 86, 0, 141, 115, 59, 31, 0, 103, 56, 104, 20, 81, 23, 49, 329, 52, 92, 9, 350, 357, 227, 0, 157, 116, 74, 0, 147, 176, 0, 181, 209, 0, 118, 71, 134, 2, 0, 0, 21, 7, 2, 0, 0, 8, 0, 23, 0, 22, 5, 0, 1, 0, 4, 0, 0, 5, 17, 0, 4, 0, 3, 60, 19, 0, 0, 0, 0, 0, 0, 3, 0, 0, 2, 9, 0, 3, 0, 20, 0, 0, 0, 0, 1, 35, 0, 0, 0, 0, 3, 0, 0, 5, 0, 1, 31, 8, 0, 0, 0, 0, 0, 22, 0, 0, 0, 0, 1, 0, 0, 0, 1, 46, 0, 0, 5, 24, 3, 32, 60, 17, 2, 15, 22, 0, 0, 24, 0, 2, 0, 2, 0, 0, 0, 1, 4, 70, 2, 0, 4, 1, 0, 0, 0, 11, 0, 1, 1, 50, 0, 0, 24, 0, 0, 4, 33, 0, 272, 2, 0, 0, 24, 0, 54, 0, 0, 0, 6, 0, 0, 19, 0, 0, 0, 171, 23, 0, 7, 2, 0, 0, 120, 0, 0, 0, 0, 48, 71, 0, 0, 0, 0, 0, 0, 0, 0, 0, 0, 16, 0, 32, 0, 0, 6, 23, 1, 0, 0, 0, 2, 0, 0, 30, 3, 1, 0, 0, 61, 0, 0, 2, 108, 2, 7, 1, 1, 12, 8, 0, 0, 0, 0, 0, 2, 9, 42, 0, 0, 0, 68, 7, 0, 0, 0, 24, 47, 35, 10, 0, 21, 0, 0, 0, 16, 0, 0, 39, 0, 0]
166

