[5, 54, 300, 108, 34, 0, 24, 462, 117, 357, 108, 244, 136, 133, 219, 248, 2, 231, 81, 275, 118, 331, 21, 72, 144, 101, 147, 95, 76, 118, 78, 1, 69, 187, 168, 93, 71, 83, 127, 141, 11, 121, 83, 55, 152, 162, 3, 0, 82, 144, 103, 90, 89, 153, 4, 68, 78, 79, 61, 60, 8, 42, 56, 56, 52, 53, 34, 237, 17, 2, 13, 64, 110, 112, 87, 69, 44, 56, 7, 82, 0, 80, 0, 49, 37, 78, 68, 5, 17, 74, 0, 48, 2, 107, 74, 87, 90, 74, 74, 50, 0, 0, 8, 3, 18, 0, 2, 0, 0, 0, 0, 0, 4, 6, 0, 81, 3, 0, 2, 0, 0, 1, 71, 0, 0, 0, 0, 2, 72, 58, 0, 1, 3, 36, 0, 0, 62, 0, 0, 1, 5, 57, 1, 0, 13, 15, 0, 0, 0, 0, 0, 31, 49, 20, 0, 0, 0, 20, 0, 0, 0, 0, 0, 0, 0, 35, 37, 0, 0, 0, 74, 3, 16, 0, 4, 0, 0, 2, 43, 42, 3, 47, 55, 42, 0, 0, 0, 100, 9, 55, 0, 0, 0, 0, 35, 0, 0, 15, 46, 0]
142

[92, 128, 48, 140, 80, 56, 64, 151, 144, 401, 281, 161, 229, 215, 78, 99, 134, 0, 149, 103, 0, 145, 66, 77, 134, 13, 83, 105, 111, 105, 0, 20, 111, 29, 87, 129, 102, 57, 97, 160, 87, 62, 62, 55, 31, 0, 64, 22, 75, 101, 66, 102, 63, 65, 87, 49, 23, 95, 89, 82, 65, 5, 2, 36, 255, 122, 11, 115, 0, 10, 31, 57, 53, 67, 90, 101, 83, 31, 40, 105, 52, 101, 9, 0, 46, 225, 82, 0, 70, 206, 0, 112, 115, 116, 66, 160, 92, 65, 47, 35, 2, 82, 0, 2, 0, 0, 5, 95, 5, 0, 9, 18, 0, 47, 0, 34, 0, 23, 0, 70, 3, 10, 7, 0, 0, 0, 17, 120, 5, 13, 0, 0, 0, 0, 3, 5, 1, 28, 0, 136, 0, 62, 16, 0, 5, 35, 0, 37, 0, 1, 56, 8, 0, 3, 10, 1, 0, 0, 110, 30, 35, 0, 0, 33, 32, 1, 12, 33, 32, 28, 28, 2, 7, 4, 126, 74, 74, 0, 50, 0, 0, 4, 1, 87, 6, 3, 15, 0, 0, 30, 0, 0, 29, 35, 18, 14, 0, 0, 0, 31]
157

[472, 43, 92, 389, 299, 73, 150, 69, 103, 159, 149, 38, 11, 53, 73, 177, 59, 93, 204, 68, 49, 77, 103, 0, 5, 49, 57, 73, 95, 14, 38, 38, 42, 69, 280, 120, 63, 51, 121, 53, 95, 83, 54, 0, 59, 50, 54, 224, 76, 85, 37, 60, 52, 58, 44, 333, 46, 37, 35, 39, 50, 89, 96, 55, 65, 41, 74, 46, 120, 11, 80, 70, 73, 80, 50, 45, 0, 60, 49, 100, 0, 114, 62, 15, 1, 124, 101, 79, 197, 3, 67, 241, 185, 72, 25, 8, 0, 64, 3, 47, 0, 18, 0, 0, 23, 0, 435, 0, 27, 0, 34, 31, 71, 0, 0, 29, 201, 30, 0, 0, 0, 34, 4, 32, 21, 0, 27, 10, 38, 39, 0, 0, 0, 0, 0, 0, 0, 0, 0, 0, 0, 0, 8, 0, 0, 0, 0, 5, 3, 0, 67, 0, 21, 9, 45, 1, 0, 0, 0, 6, 23, 0, 9, 0, 73, 0, 0, 22, 0, 0, 17, 17, 31, 0, 14, 0, 0, 30, 83, 0, 0, 0, 6, 0, 0, 1, 43, 16, 0, 342, 1, 19, 0, 4, 31, 10, 70, 15, 0, 0]
144

[499, 46, 180, 246, 63, 118, 303, 84, 2, 243, 183, 139, 99, 108, 182, 28, 151, 79, 28, 14, 65, 2, 84, 75, 78, 41, 17, 12, 99, 1, 47, 63, 140, 103, 26, 85, 70, 1, 89, 2, 79, 51, 185, 86, 375, 9, 3, 32, 38, 213, 0, 39, 66, 294, 4, 70, 59, 32, 84, 31, 0, 45, 3, 59, 130, 85, 0, 101, 171, 114, 49, 249, 1, 134, 53, 105, 0, 56, 336, 17, 25, 0, 52, 5, 68, 0, 67, 161, 103, 49, 424, 48, 63, 153, 28, 47, 52, 333, 71, 46, 1, 0, 17, 0, 2, 0, 0, 0, 0, 5, 0, 17, 10, 0, 20, 25, 0, 11, 0, 0, 0, 47, 0, 0, 0, 56, 0, 0, 30, 18, 57, 0, 0, 0, 1, 26, 8, 3, 8, 0, 0, 0, 1, 14, 0, 0, 0, 47, 0, 2, 3, 47, 9, 16, 5, 0, 2, 21, 133, 0, 0, 0, 0, 26, 59, 0, 2, 0, 0, 0, 4, 0, 23, 0, 0, 329, 0, 0, 19, 0, 2, 3, 0, 0, 1, 0, 1, 0, 4, 0, 0, 0, 78, 74, 20, 0, 0, 0, 45, 0]
141

[272, 118, 115, 147, 142, 111, 83, 117, 219, 111, 25, 4, 141, 94, 134, 204, 20, 97, 9, 10, 40, 226, 103, 11, 99, 189, 3, 173, 0, 135, 18, 358, 186, 2, 4, 73, 126, 69, 80, 94, 55, 2, 57, 101, 89, 155, 65, 417, 67, 136, 121, 53, 73, 101, 65, 25, 137, 75, 0, 44, 31, 64, 75, 53, 92, 60, 100, 89, 89, 98, 58, 0, 68, 72, 45, 53, 46, 25, 11, 210, 144, 119, 89, 81, 63, 53, 329, 0, 104, 28, 103, 90, 27, 69, 28, 48, 79, 105, 72, 0, 87, 0, 59, 0, 95, 0, 0, 0, 0, 63, 25, 0, 0, 0, 73, 29, 0, 8, 55, 0, 0, 15, 40, 5, 0, 0, 0, 1, 120, 0, 8, 1, 0, 0, 0, 0, 0, 57, 0, 0, 34, 0, 0, 0, 4, 0, 0, 1, 0, 0, 10, 14, 0, 0, 6, 30, 0, 1, 0, 3, 0, 56, 4, 49, 60, 0, 3, 0, 148, 0, 3, 0, 5, 0, 68, 0, 0, 50, 0, 0, 0, 59, 0, 0, 0, 0, 0, 4, 49, 78, 0, 50, 0, 0, 0, 0, 0, 0, 0, 0]
136

[14, 127, 210, 205, 145, 0, 469, 140, 104, 55, 327, 48, 17, 190, 57, 220, 180, 5, 223, 140, 251, 106, 178, 103, 171, 47, 119, 90, 69, 121, 79, 99, 91, 98, 80, 0, 63, 126, 122, 63, 98, 31, 0, 65, 48, 100, 65, 113, 119, 125, 107, 161, 0, 105, 86, 68, 48, 65, 41, 47, 0, 0, 59, 0, 50, 24, 0, 65, 59, 60, 0, 73, 74, 93, 67, 41, 71, 135, 59, 92, 71, 0, 54, 26, 65, 63, 14, 44, 99, 0, 139, 124, 72, 91, 0, 74, 28, 346, 65, 1, 73, 0, 2, 0, 0, 14, 0, 72, 46, 7, 1, 30, 3, 0, 33, 16, 0, 68, 68, 0, 0, 26, 0, 0, 0, 32, 57, 12, 0, 0, 0, 21, 28, 28, 65, 0, 0, 1, 0, 68, 14, 32, 13, 2, 0, 8, 0, 16, 2, 0, 0, 0, 67, 0, 10, 4, 2, 0, 41, 0, 0, 0, 19, 5, 0, 28, 0, 0, 93, 1, 30, 41, 76, 0, 0, 16, 25, 0, 42, 1, 11, 69, 0, 1, 0, 0, 0, 10, 78, 0, 5, 28, 0, 0, 55, 1, 1, 20, 0, 20]
147

[39, 11, 179, 10, 170, 308, 289, 105, 186, 135, 103, 31, 77, 58, 88, 207, 112, 46, 111, 42, 62, 13, 80, 67, 137, 126, 35, 77, 71, 2, 32, 95, 1, 113, 68, 95, 55, 78, 53, 14, 5, 85, 80, 72, 28, 18, 63, 55, 57, 71, 40, 43, 73, 5, 52, 3, 111, 88, 6, 0, 84, 0, 123, 0, 104, 108, 104, 154, 75, 57, 64, 141, 69, 23, 124, 73, 103, 110, 47, 0, 73, 79, 32, 55, 44, 63, 92, 55, 3, 111, 488, 167, 289, 61, 49, 77, 0, 68, 143, 63, 0, 0, 51, 0, 65, 42, 40, 10, 0, 143, 8, 9, 1, 1, 0, 0, 1, 38, 35, 12, 63, 3, 10, 33, 0, 0, 0, 0, 6, 36, 2, 102, 0, 188, 16, 0, 0, 0, 0, 0, 41, 102, 42, 44, 0, 2, 32, 125, 2, 0, 0, 0, 76, 0, 55, 0, 0, 0, 0, 40, 50, 0, 0, 33, 0, 0, 0, 114, 10, 28, 41, 103, 72, 0, 5, 8, 10, 0, 59, 0, 0, 7, 21, 0, 0, 68, 0, 52, 0, 47, 0, 36, 8, 23, 59, 0, 4, 0, 45, 10]
154

[0, 110, 99, 11, 168, 176, 101, 107, 110, 11, 79, 234, 171, 200, 96, 69, 110, 65, 73, 126, 54, 326, 38, 114, 93, 115, 99, 428, 105, 421, 139, 152, 75, 128, 49, 104, 77, 69, 57, 83, 61, 38, 14, 77, 50, 3, 49, 52, 0, 66, 53, 32, 76, 39, 54, 164, 48, 58, 73, 77, 69, 30, 24, 82, 1, 81, 112, 44, 59, 12, 60, 121, 48, 52, 64, 35, 32, 98, 48, 0, 93, 46, 74, 2, 50, 88, 105, 104, 134, 3, 60, 103, 73, 141, 206, 7, 64, 75, 87, 85, 15, 15, 24, 57, 0, 4, 0, 1, 0, 161, 2, 75, 0, 0, 0, 66, 0, 0, 0, 0, 1, 5, 35, 22, 0, 63, 2, 0, 0, 0, 1, 0, 24, 31, 20, 36, 26, 0, 0, 0, 7, 2, 35, 10, 23, 41, 52, 0, 34, 0, 0, 183, 12, 0, 9, 0, 1, 0, 0, 25, 0, 19, 95, 0, 0, 0, 64, 49, 34, 0, 0, 0, 0, 5, 17, 0, 48, 3, 15, 0, 0, 0, 2, 39, 2, 0, 0, 42, 57, 11, 88, 0, 0, 0, 3, 0, 41, 7, 92, 49]
154

[210, 327, 304, 303, 249, 234, 4, 140, 21, 64, 76, 60, 0, 6, 60, 34, 65, 10, 70, 103, 46, 36, 194, 86, 73, 226, 175, 100, 78, 89, 139, 56, 62, 97, 59, 6, 72, 71, 23, 2, 42, 59, 41, 61, 43, 401, 78, 79, 42, 76, 8, 172, 102, 65, 165, 47, 136, 92, 10, 101, 95, 98, 93, 5, 122, 0, 49, 94, 4, 377, 57, 0, 71, 108, 156, 131, 60, 33, 85, 54, 79, 79, 104, 0, 87, 77, 30, 88, 425, 59, 0, 56, 71, 43, 30, 72, 50, 426, 47, 49, 2, 0, 3, 155, 0, 1, 0, 0, 0, 0, 0, 40, 0, 2, 14, 1, 51, 103, 0, 0, 4, 0, 6, 48, 0, 0, 43, 0, 0, 0, 0, 0, 0, 0, 0, 13, 0, 0, 10, 1, 5, 0, 0, 1, 0, 1, 0, 0, 0, 18, 0, 16, 36, 0, 5, 0, 1, 0, 19, 338, 0, 0, 7, 0, 0, 0, 0, 1, 15, 0, 0, 0, 3, 0, 0, 0, 6, 0, 0, 3, 0, 7, 1, 1, 0, 0, 41, 1, 0, 0, 21, 3, 21, 0, 1, 3, 0, 1, 8, 5]
141

[253, 94, 125, 10, 80, 345, 199, 95, 134, 159, 117, 237, 314, 46, 262, 155, 125, 151, 45, 101, 181, 95, 205, 125, 82, 188, 82, 233, 126, 107, 144, 74, 66, 1, 57, 85, 0, 66, 52, 23, 51, 81, 0, 0, 45, 70, 57, 40, 34, 51, 0, 40, 38, 0, 71, 55, 18, 85, 227, 89, 88, 128, 228, 70, 2, 67, 7, 47, 34, 48, 66, 54, 79, 58, 66, 51, 56, 75, 0, 64, 107, 48, 120, 11, 1, 54, 61, 107, 50, 0, 248, 72, 79, 23, 86, 110, 0, 54, 61, 2, 0, 0, 0, 40, 0, 77, 0, 64, 17, 1, 0, 0, 2, 52, 55, 3, 4, 0, 0, 13, 2, 44, 52, 10, 0, 44, 99, 1, 1, 58, 0, 0, 0, 38, 46, 11, 59, 0, 0, 0, 0, 14, 5, 31, 5, 35, 0, 0, 49, 0, 0, 54, 0, 1, 51, 34, 0, 9, 4, 4, 0, 0, 28, 62, 5, 3, 6, 0, 3, 13, 54, 0, 0, 0, 17, 0, 0, 0, 17, 161, 0, 2, 0, 0, 19, 17, 46, 55, 16, 17, 1, 0, 1, 5, 0, 1, 59, 80, 0, 50]
154

